0.02038450352847576 1.9513556957244873 1.9236528873443604
0.007761760149151087 0.514168918132782 0.5141130685806274
0.011622866615653038 0.43040409684181213 0.42135530710220337
0.013120509684085846 0.4638129472732544 0.46036529541015625
0.013341340236365795 0.23757673799991608 0.23172840476036072
0.011444193311035633 0.25274115800857544 0.24950242042541504
0.011890335939824581 0.34709009528160095 0.34288448095321655
0.010282130911946297 0.4192330539226532 0.42192912101745605
0.011849206872284412 0.2513621747493744 0.2676912844181061
0.011909489519894123 0.25325918197631836 0.25429433584213257
0.011737770400941372 0.29921185970306396 0.29713010787963867
0.013154896907508373 0.3889319896697998 0.37090611457824707
