0.02077275700867176 1.9604034423828125 1.9449045658111572
0.009222331456840038 0.4624866843223572 0.45394667983055115
0.012828043662011623 0.36616256833076477 0.35778704285621643
0.01193301286548376 0.4696952998638153 0.4616023302078247
0.014244101010262966 0.2593687176704407 0.2601313292980194
0.009844026528298855 0.3264896869659424 0.3287506401538849
0.013680401258170605 0.4957605004310608 0.49609240889549255
0.011665607802569866 0.3254338204860687 0.3232423961162567
0.011581855826079845 0.2532949149608612 0.2510080337524414
0.012315609492361546 0.4416719675064087 0.43922871351242065
0.011960177682340145 0.38023409247398376 0.39140263199806213
0.01357755996286869 0.18210871517658234 0.17633360624313354
0.013873154297471046 0.21184073388576508 0.21008113026618958
0.010427579283714294 0.3190659284591675 0.30868980288505554
0.010221547447144985 0.2204994261264801 0.22070860862731934
0.012869912199676037 0.2504081428050995 0.25346413254737854
0.010158861055970192 0.158850759267807 0.15465892851352692
0.0113145150244236 0.16330084204673767 0.1586177498102188
0.010917620733380318 0.17751771211624146 0.18345233798027039
0.009574833326041698 0.2374405711889267 0.2509637773036957
0.008112633600831032 0.22518737614154816 0.23566220700740814
0.011867545545101166 0.23604869842529297 0.22571346163749695
0.01076893787831068 0.19681179523468018 0.19412259757518768
0.009979937225580215 0.1850423514842987 0.18239185214042664
0.009676448069512844 0.11526148021221161 0.11667657643556595
0.011257092468440533 0.20817789435386658 0.2038460671901703
0.007598456926643848 0.19599132239818573 0.17342063784599304
0.007288310676813126 0.26948028802871704 0.26158761978149414
0.007906615734100342 0.14739978313446045 0.14813238382339478
0.010460718534886837 0.1397397518157959 0.14071427285671234
0.009565861895680428 0.08623930811882019 0.09092608094215393
0.010066472925245762 0.15599198639392853 0.1563839316368103
0.007574852555990219 0.1425078958272934 0.13900655508041382
0.009125124663114548 0.13047854602336884 0.1363561451435089
0.00912875309586525 0.13338138163089752 0.13747206330299377
0.010877582244575024 0.19440576434135437 0.19755737483501434
0.01019231602549553 0.07385283708572388 0.07680932432413101
0.009738177061080933 0.1787073314189911 0.18027320504188538
0.008320433087646961 0.14596101641654968 0.1351931095123291
0.01029099989682436 0.1386570781469345 0.14179369807243347
0.005790305323898792 0.10358317196369171 0.10359781235456467
0.008106601424515247 0.1532648503780365 0.1647195816040039
0.007575443480163813 0.209615096449852 0.21610404551029205
0.007851196452975273 0.15228256583213806 0.15342780947685242
0.007944806478917599 0.13375210762023926 0.1392333060503006
0.007591757923364639 0.05487672612071037 0.059044964611530304
0.006488272454589605 0.16041240096092224 0.16083481907844543
0.00906238704919815 0.2005210667848587 0.20089448988437653
0.008853252977132797 0.17811128497123718 0.17585304379463196
0.006991641130298376 0.06647315621376038 0.06908051669597626
0.00724766543135047 0.13084948062896729 0.12207991629838943
0.009296062402427197 0.13924828171730042 0.14503659307956696
0.008796199224889278 0.08566798269748688 0.09388789534568787
0.007077892776578665 0.13140736520290375 0.1275712549686432
0.007960878312587738 0.07962740957736969 0.0835656225681305
0.005905903410166502 0.15106326341629028 0.16282524168491364
0.007052668835967779 0.08619189262390137 0.0906468853354454
0.0064771524630486965 0.11738896369934082 0.11187602579593658
0.007365475874394178 0.08418041467666626 0.08571366220712662
0.007346004247665405 0.17465025186538696 0.17959977686405182
0.006030192598700523 0.0879877358675003 0.08813608437776566
0.006959652062505484 0.08932945877313614 0.09740842133760452
0.006982187274843454 0.07131602615118027 0.07615283876657486
0.007008489221334457 0.09877302497625351 0.09357400238513947
0.00675033638253808 0.09440259635448456 0.0981450080871582
0.005112989339977503 0.04321260005235672 0.042358480393886566
0.005247232969850302 0.11817430704832077 0.10414710640907288
0.009671558625996113 0.1666550189256668 0.17516031861305237
0.00874276738613844 0.09563091397285461 0.11009061336517334
0.006787523627281189 0.19272851943969727 0.1832018792629242
0.006336614023894072 0.09940740466117859 0.10121795535087585
0.007078567054122686 0.11190259456634521 0.10989181697368622
0.008771692402660847 0.06733071804046631 0.06489568948745728
0.008092247880995274 0.04588611423969269 0.0454636849462986
0.007364638149738312 0.12180400639772415 0.12897224724292755
0.006531369872391224 0.06115347892045975 0.058804579079151154
0.006858502514660358 0.05020475387573242 0.05093517526984215
0.005092750769108534 0.14997310936450958 0.13854289054870605
0.00567035935819149 0.07210253924131393 0.07170534878969193
0.00735525181517005 0.1460171639919281 0.14869016408920288
0.007109764963388443 0.06104424595832825 0.05737132951617241
0.005103754345327616 0.05948725342750549 0.05845724046230316
0.006379730999469757 0.07946367561817169 0.07343809306621552
0.006467447616159916 0.07229417562484741 0.07264139503240585
0.005765728186815977 0.024960201233625412 0.024426348507404327
0.007628484163433313 0.07756590098142624 0.07476911693811417
0.00518557196483016 0.05006472021341324 0.0573742613196373
0.006515681743621826 0.1751038283109665 0.16753597557544708
0.007342681288719177 0.03234369680285454 0.026868820190429688
0.005349054001271725 0.052365992218256 0.0500001385807991
0.006882717367261648 0.06696735322475433 0.07010410726070404
0.005037960596382618 0.055648073554039 0.06157330423593521
0.007015773095190525 0.05654177442193031 0.05147804692387581
0.00470410380512476 0.042524684220552444 0.040929149836301804
0.006221695337444544 0.06378796696662903 0.05873529240489006
0.007540334016084671 0.045386262238025665 0.042261846363544464
0.004419141914695501 0.054970633238554 0.057357266545295715
0.005826263222843409 0.049615323543548584 0.05491160601377487
0.0053054275922477245 0.13245581090450287 0.13393527269363403
0.005389329511672258 0.08669213950634003 0.08756537735462189
0.006067236419767141 0.04669203609228134 0.042617931962013245
0.006509796716272831 0.0387318953871727 0.03484240919351578
0.005233068019151688 0.04522246494889259 0.04502181336283684
0.004850576166063547 0.06890114396810532 0.06311005353927612
0.004568742122501135 0.06641648709774017 0.08201864361763
0.006512703839689493 0.0751088559627533 0.07090459764003754
0.004752092529088259 0.02940807305276394 0.039415743201971054
0.006707145366817713 0.08672243356704712 0.08684030920267105
0.0036367953289300203 0.04918192699551582 0.05814152583479881
0.004863501526415348 0.09731748700141907 0.10282836854457855
0.006438422482460737 0.08764395117759705 0.0799652636051178
0.006204741075634956 0.06186032295227051 0.05860576406121254
0.004976082127541304 0.0471218079328537 0.05079951137304306
0.005883888341486454 0.043230120092630386 0.03428030386567116
0.006168311461806297 0.052906014025211334 0.05580723285675049
0.005218306090682745 0.04139960929751396 0.04073572903871536
0.0035508342552930117 0.05034191906452179 0.0504499189555645
0.006284990813583136 0.05482001230120659 0.06103137135505676
0.006235671229660511 0.06859757006168365 0.06651061773300171
0.007503668311983347 0.013675309717655182 0.013790735974907875
0.005409836303442717 0.04899474233388901 0.049421969801187515
0.006330832839012146 0.04961484670639038 0.05088626965880394
0.004155807662755251 0.04468869790434837 0.041780080646276474
0.005871187429875135 0.062414951622486115 0.06797628849744797
0.0050233653746545315 0.05002686381340027 0.05155476555228233
0.004817352630198002 0.03132645785808563 0.03025474213063717
0.00541854789480567 0.05443280190229416 0.0607883594930172
0.005701677408069372 0.06947678327560425 0.06658779829740524
0.006456326227635145 0.029285840690135956 0.029775144532322884
0.005955348256975412 0.06713365763425827 0.06299401074647903
0.005258399527519941 0.055501703172922134 0.05651911720633507
0.005217433907091618 0.06407111138105392 0.05996505171060562
0.004414273891597986 0.042469143867492676 0.04014076665043831
0.004952691495418549 0.03138815611600876 0.031138652935624123
0.005426242481917143 0.043421704322099686 0.0472584068775177
0.00524141127243638 0.08193875849246979 0.0896248072385788
0.005288107320666313 0.06470216810703278 0.06710073351860046
0.006680910941213369 0.04933169111609459 0.04828914254903793
0.004866312723606825 0.03710944205522537 0.04208187758922577
0.005850215908139944 0.059060949832201004 0.061988890171051025
0.005800521466881037 0.021465562283992767 0.022310612723231316
0.00430601742118597 0.021394236013293266 0.017114480957388878
0.006734482944011688 0.03444048762321472 0.03494610637426376
0.004885326139628887 0.08659103512763977 0.08094234764575958
0.004693415015935898 0.05753757059574127 0.05763663351535797
0.006679912097752094 0.05921230465173721 0.048922859132289886
0.0071931094862520695 0.08997651934623718 0.09558939933776855
0.006358505692332983 0.047979213297367096 0.049658242613077164
0.006280026864260435 0.02309957891702652 0.018572494387626648
0.0056245760060846806 0.04137416183948517 0.040985677391290665
0.0034081756602972746 0.060854777693748474 0.0603349506855011
0.005652835126966238 0.03847435116767883 0.03755610063672066
0.005753123667091131 0.02928374521434307 0.03365752846002579
0.004968341439962387 0.042548999190330505 0.042963892221450806
0.004781229887157679 0.04183872789144516 0.043106988072395325
0.005366435740143061 0.036893878132104874 0.0330372080206871
0.005664241500198841 0.045955754816532135 0.05012058466672897
0.004550912883132696 0.043067388236522675 0.04904200881719589
0.005068145226687193 0.05217703431844711 0.04996705427765846
0.005621532443910837 0.0908130630850792 0.08309298008680344
0.004521021153777838 0.012434728443622589 0.012631315737962723
0.004802713170647621 0.0365738719701767 0.037918753921985626
0.004291317891329527 0.022375477477908134 0.020416058599948883
0.003980985842645168 0.06531383842229843 0.06748174130916595
0.004393789451569319 0.020887140184640884 0.01942260190844536
0.005619134288281202 0.017129836603999138 0.019071558490395546
0.004613119177520275 0.044166792184114456 0.04811468720436096
0.005231402348726988 0.04714233800768852 0.047000955790281296
0.004079896025359631 0.046484291553497314 0.04897119104862213
0.004446525126695633 0.06558167189359665 0.060584552586078644
0.006245330907404423 0.036862097680568695 0.037328481674194336
0.004210823681205511 0.07902323454618454 0.08635507524013519
0.0043030306696891785 0.03770363703370094 0.04072120785713196
0.005052721593528986 0.026733485981822014 0.02769506722688675
0.005020684562623501 0.03949602320790291 0.04321185499429703
0.003578198840841651 0.05024236813187599 0.044673558324575424
0.004442795645445585 0.03363196551799774 0.032315224409103394
0.004134051967412233 0.032923486083745956 0.03338891267776489
0.0065666004084050655 0.03680979460477829 0.04181687906384468
0.00309740100055933 0.05485495924949646 0.06559602171182632
0.005581022705882788 0.02938169427216053 0.029426468536257744
0.004959781188517809 0.03909538313746452 0.04052414372563362
0.0046987212263047695 0.06170319393277168 0.05685029178857803
0.004600400570780039 0.02335030399262905 0.024452604353427887
0.0052710361778736115 0.030177103355526924 0.03228453919291496
0.0053601437248289585 0.021923553198575974 0.020724738016724586
0.004106357228010893 0.04191263020038605 0.044863902032375336
0.0028921030461788177 0.0539352111518383 0.04995042085647583
0.004547724034637213 0.02363421395421028 0.0284587349742651
0.003250651527196169 0.02571229450404644 0.015933576971292496
0.005875741131603718 0.068261057138443 0.05223269388079643
0.0035983012057840824 0.04614335298538208 0.04352133721113205
0.00567923579365015 0.026719477027654648 0.024994587525725365
0.004849128425121307 0.0326404832303524 0.0340668149292469
0.004495728760957718 0.07326628267765045 0.08417616784572601
0.004706892650574446 0.046872176229953766 0.05085081607103348
0.005446894560009241 0.07205469906330109 0.06797350943088531
0.005227579269558191 0.032104313373565674 0.026169097051024437
0.004088415298610926 0.03503261134028435 0.03827345743775368
0.003957755398005247 0.028619742020964622 0.03259846940636635
0.00426867138594389 0.04228978976607323 0.04336649551987648
0.0038409957196563482 0.02853478118777275 0.027077751234173775
0.006254182662814856 0.016956135630607605 0.020882563665509224
0.003604169934988022 0.05909966304898262 0.05565163865685463
0.007284259889274836 0.04573357477784157 0.043154485523700714
0.005648862104862928 0.024859951809048653 0.02640126273036003
0.003855495247989893 0.05054979398846626 0.04848605766892433
0.004664950538426638 0.03485800325870514 0.033673692494630814
0.005015052855014801 0.02680111490190029 0.027131227776408195
0.005016948562115431 0.023087209090590477 0.02242978848516941
0.004214512184262276 0.019691506400704384 0.015628613531589508
0.005285533610731363 0.055890269577503204 0.06616801768541336
0.004221522714942694 0.028373783454298973 0.030078278854489326
0.0031587709672749043 0.07482130825519562 0.07976134866476059
0.004600904881954193 0.03725617006421089 0.039911963045597076
0.004137599840760231 0.03329412266612053 0.034615080803632736
0.004232501611113548 0.01228080689907074 0.016414709389209747
0.005395926535129547 0.04570966213941574 0.04681554436683655
0.003955869469791651 0.04157581180334091 0.04069417715072632
0.006512261461466551 0.08421503007411957 0.09610480815172195
0.005806712433695793 0.012971175834536552 0.013664163649082184
0.004992303904145956 0.013827305287122726 0.013799551874399185
0.0046358113177120686 0.012989630922675133 0.015065819025039673
0.004742225632071495 0.020381128415465355 0.02189679816365242
