0.021143009886145592 1.9616292715072632 1.9749326705932617
0.005349511746317148 0.4103144705295563 0.41560378670692444
0.00891012605279684 0.4108728766441345 0.41286689043045044
0.009120769798755646 0.34405413269996643 0.3537871539592743
0.009419252164661884 0.2683485150337219 0.27675703167915344
0.008204806596040726 0.3106200397014618 0.3140197694301605
0.009821335785090923 0.33468765020370483 0.3344419598579407
0.009861893951892853 0.3013906180858612 0.2993852496147156
0.009034211747348309 0.30370408296585083 0.30736011266708374
0.0067713395692408085 0.20611554384231567 0.21399684250354767
0.006711691617965698 0.24480561912059784 0.2419215738773346
0.006916348822414875 0.3631284832954407 0.35166600346565247
0.006464783102273941 0.2573394179344177 0.2579895257949829
0.006190846674144268 0.15093041956424713 0.15081287920475006
0.0065383585169911385 0.3335036337375641 0.32819056510925293
0.0069136531092226505 0.20025542378425598 0.20428423583507538
0.00578275928273797 0.20235277712345123 0.1987544447183609
0.0075643546879291534 0.1813996136188507 0.18194130063056946
0.005976404063403606 0.2827394902706146 0.27835097908973694
0.007063377182930708 0.22961372137069702 0.23023785650730133
0.005915203131735325 0.19938375055789948 0.20132383704185486
0.004316683858633041 0.20998753607273102 0.2141036093235016
0.0038102325052022934 0.2141314148902893 0.21602733433246613
0.005243513733148575 0.1779729425907135 0.18097366392612457
0.0031421890016645193 0.2308211624622345 0.23104745149612427
0.0031617581844329834 0.20008328557014465 0.20655009150505066
0.004659620579332113 0.1985497623682022 0.19673600792884827
0.0044653224758803844 0.18425923585891724 0.18572744727134705
0.0053479368798434734 0.18554486334323883 0.18900705873966217
0.003647527890279889 0.24311161041259766 0.2527305483818054
0.004951267037540674 0.1966199278831482 0.1932230442762375
0.0036160468589514494 0.15030035376548767 0.148870587348938
0.00351116550154984 0.12649321556091309 0.12297036498785019
0.004189086612313986 0.1752604842185974 0.1726030558347702
0.00480691296979785 0.15739500522613525 0.15525531768798828
0.005652518942952156 0.21293854713439941 0.2190917730331421
0.004230535589158535 0.1254260241985321 0.11969448626041412
0.001935768872499466 0.1178780198097229 0.11765959113836288
0.0025846282951533794 0.1507636457681656 0.15088191628456116
0.004406678024679422 0.18546336889266968 0.17649511992931366
0.003884803969413042 0.09987910091876984 0.10257400572299957
0.00288076582364738 0.15584537386894226 0.15922316908836365
0.00405795918777585 0.15014369785785675 0.1572081446647644
0.004349121358245611 0.12990592420101166 0.12550626695156097
0.005523599684238434 0.12046507745981216 0.11868861317634583
0.0033984535839408636 0.0958833396434784 0.091994509100914
0.0037878775037825108 0.16041478514671326 0.16089564561843872
0.003809358226135373 0.1508086919784546 0.15269386768341064
0.0033870891202241182 0.08516353368759155 0.08816160261631012
0.003736095502972603 0.08351925015449524 0.08911548554897308
0.004163386765867472 0.13485492765903473 0.1416209638118744
0.003953529056161642 0.2231171876192093 0.2166471630334854
0.003431739052757621 0.12780356407165527 0.12117988616228104
0.0029709599912166595 0.09599394351243973 0.1010008454322815
0.0031377270352095366 0.12915471196174622 0.12207487225532532
0.0042599840089678764 0.12876826524734497 0.1287522315979004
0.0033548243809491396 0.17145580053329468 0.16882532835006714
0.0032020085491240025 0.055566225200891495 0.05577024444937706
0.004777589347213507 0.2433212250471115 0.2427414059638977
0.0025356714613735676 0.17864498496055603 0.17643722891807556
0.003041875082999468 0.1487238109111786 0.13927218317985535
0.0028061363846063614 0.08672867715358734 0.08708010613918304
0.00241589592769742 0.090900719165802 0.09288261085748672
0.0026557028759270906 0.14538782835006714 0.14236754179000854
0.0037599930074065924 0.09248115867376328 0.09358778595924377
0.003898699302226305 0.05854681134223938 0.06143350154161453
0.0013685934245586395 0.07572141289710999 0.07463537901639938
0.0027020894922316074 0.09437054395675659 0.10000769793987274
0.0039190808311104774 0.07345066964626312 0.07664468884468079
0.0029128089081496 0.09315387904644012 0.09401609003543854
0.002164337784051895 0.07241825759410858 0.07176941633224487
0.004358057864010334 0.07293020188808441 0.07160919904708862
0.0022811403032392263 0.05341149494051933 0.05306589603424072
0.0026299916207790375 0.06703410297632217 0.06928651034832001
0.0018426768947392702 0.11125177145004272 0.10887709259986877
0.00228227605111897 0.08548589050769806 0.08812220394611359
0.0025150093715637922 0.026712799444794655 0.026034487411379814
0.0032052246388047934 0.049207646399736404 0.05388583242893219
0.0029913843609392643 0.07944715023040771 0.07592451572418213
0.0013788784854114056 0.07164445519447327 0.07185802608728409
0.0026939683593809605 0.07067146897315979 0.06580992788076401
0.003106076270341873 0.02280452288687229 0.02274462953209877
0.00237854546867311 0.1040438786149025 0.10795027017593384
0.002715375041589141 0.13151679933071136 0.1305801421403885
0.001741961925290525 0.04594260826706886 0.04610941559076309
0.002461204072460532 0.057391729205846786 0.06521350890398026
0.0035883074160665274 0.06301473081111908 0.062174104154109955
0.002965746447443962 0.10194182395935059 0.10446509718894958
0.0032513574697077274 0.06106523796916008 0.060571249574422836
0.0020865679252892733 0.05136100575327873 0.04853346198797226
0.002225250704213977 0.037307046353816986 0.03605189919471741
0.0021510436199605465 0.08379887044429779 0.08497077226638794
0.0025650430470705032 0.03798133134841919 0.03745347633957863
0.0025509882252663374 0.06578356772661209 0.06752802431583405
0.002971285255625844 0.07738643139600754 0.07392939925193787
0.001991292228922248 0.10901287943124771 0.10313829034566879
0.0017609879141673446 0.062289465218782425 0.06683742254972458
0.00255732168443501 0.03318486735224724 0.03402009606361389
0.003088549245148897 0.08695796877145767 0.08914878219366074
0.002902053762227297 0.06406423449516296 0.07147856056690216
0.0027916471008211374 0.06326451152563095 0.0610937662422657
0.002143995836377144 0.12367168068885803 0.12389957904815674
0.001207586727105081 0.06638139486312866 0.06692825257778168
0.001241244375705719 0.05360785126686096 0.05300804227590561
0.0024758384097367525 0.04799891263246536 0.04625635966658592
0.001636290573514998 0.05299077183008194 0.0575060173869133
0.0024738232605159283 0.05952465161681175 0.06475049257278442
0.0028992367442697287 0.06923037022352219 0.06609523296356201
0.003257314208894968 0.05200845003128052 0.05205243453383446
0.002455098321661353 0.03681211918592453 0.032509252429008484
0.002129357075318694 0.0425170436501503 0.04287048801779747
0.002954723546281457 0.03618258237838745 0.034955959767103195
0.0016837278380990028 0.02731473371386528 0.027616310864686966
0.002637815661728382 0.10488221049308777 0.10722912102937698
0.0019198236986994743 0.06611338257789612 0.06525328755378723
0.0023658571299165487 0.07888995856046677 0.0701306164264679
0.0027358178049325943 0.05755767971277237 0.05326532572507858
0.001945942873135209 0.07339838147163391 0.07264642417430878
0.0034365521278232336 0.04374350607395172 0.041830580681562424
0.0023146546445786953 0.030889887362718582 0.030646085739135742
0.002664482221007347 0.08757547289133072 0.08593756705522537
0.0031855774577707052 0.04953152686357498 0.046218641102313995
0.0022184064146131277 0.0312423687428236 0.030060380697250366
0.001840426935814321 0.030723677948117256 0.030103979632258415
0.002158448798581958 0.039518196135759354 0.042085424065589905
0.0019140470540151 0.048086605966091156 0.04660126194357872
0.0012588371755555272 0.048588450998067856 0.047006625682115555
0.0023236132692545652 0.037832148373126984 0.03198396414518356
0.0014767565298825502 0.045919906347990036 0.045591581612825394
0.0009418986737728119 0.024424390867352486 0.025335656479001045
0.0017745863879099488 0.07161256670951843 0.07125261425971985
0.002004125388339162 0.06763485074043274 0.07103466987609863
0.002332831034436822 0.05285520851612091 0.05417566001415253
0.0026405341923236847 0.04364044591784477 0.04903864115476608
0.002477421658113599 0.050772201269865036 0.04986781254410744
0.0027336515486240387 0.02800939418375492 0.030803244560956955
0.0019834048580378294 0.06668671220541 0.06446580588817596
0.0030901737045496702 0.036223772913217545 0.03277966007590294
0.0019759025890380144 0.03161504119634628 0.03396109864115715
0.001985362498089671 0.08443174511194229 0.08058402687311172
0.002757513429969549 0.018666356801986694 0.018137285485863686
0.0020401724614202976 0.029046649113297462 0.02948777750134468
0.001288544270209968 0.079794742166996 0.08637963235378265
0.0015843948349356651 0.0657423585653305 0.06135496497154236
0.00277348468080163 0.05790919065475464 0.05800836160778999
0.0010525599354878068 0.05647823587059975 0.059762969613075256
0.0027490362990647554 0.06894873082637787 0.06754434108734131
0.0017012053867802024 0.04706030339002609 0.045687735080718994
0.0022850024979561567 0.03545673191547394 0.03830806165933609
0.0017156118992716074 0.03132302686572075 0.03336429223418236
0.001956431195139885 0.013225898146629333 0.01353001594543457
0.0027244745288044214 0.07712525874376297 0.0750763937830925
0.002285679569467902 0.03271345794200897 0.03532504662871361
0.0020307886879891157 0.03674233332276344 0.03479637950658798
0.002393286442384124 0.08632645010948181 0.08365757018327713
0.0021118696313351393 0.030570032075047493 0.02838626317679882
0.002017129911109805 0.032287437468767166 0.03690558299422264
0.001849690335802734 0.02646436169743538 0.02581542357802391
0.00147578539326787 0.03873324766755104 0.03821335360407829
0.003601453499868512 0.023714225739240646 0.023148050531744957
0.0019861056935042143 0.056171778589487076 0.054759588092565536
0.001961726462468505 0.034114740788936615 0.029630588367581367
0.002351918024942279 0.02973708137869835 0.02864377573132515
0.002490767976269126 0.0353640653192997 0.035752736032009125
0.0019252973143011332 0.04350500553846359 0.04285189136862755
0.001484990119934082 0.09340992569923401 0.09596811234951019
0.0024272268638014793 0.04015648365020752 0.039892345666885376
0.0024971975944936275 0.042122457176446915 0.04048323258757591
0.0021612688433378935 0.049758195877075195 0.048461347818374634
0.002525624353438616 0.03199861943721771 0.03225714713335037
0.002208349294960499 0.04658210277557373 0.05515679344534874
0.0018427529139444232 0.07897087931632996 0.08600329607725143
0.002272265497595072 0.0374898724257946 0.041001833975315094
0.0025057524908334017 0.021413834765553474 0.021697474643588066
0.0019762737210839987 0.04338221624493599 0.044748302549123764
0.0019334228709340096 0.05125468224287033 0.051264408975839615
0.002107981825247407 0.0665268525481224 0.06993508338928223
0.002756962552666664 0.012636775150895119 0.012861207127571106
0.0018575063440948725 0.029060233384370804 0.02603057213127613
0.0023187962360680103 0.033584609627723694 0.037695858627557755
0.0025590613950043917 0.047369301319122314 0.04723973944783211
0.0013027022359892726 0.04774850979447365 0.04518474265933037
0.0027795087080448866 0.027520831674337387 0.031358782202005386
0.0016482667997479439 0.03323645144701004 0.03506159409880638
0.002678460907191038 0.037632234394550323 0.03611923009157181
0.0032613128423690796 0.04247717931866646 0.044376298785209656
0.002063453197479248 0.04496833682060242 0.04490547999739647
0.0025378975551575422 0.05434022098779678 0.056365128606557846
0.001741017447784543 0.03943561762571335 0.03984721750020981
0.002200137358158827 0.014386631548404694 0.013689467683434486
0.002634885022416711 0.04424302652478218 0.04350850731134415
0.0019142238888889551 0.02719271183013916 0.030020413920283318
0.0017259890446439385 0.03523539379239082 0.03803885728120804
0.002672736067324877 0.01983308419585228 0.01942574977874756
0.001313217799179256 0.06354106217622757 0.06469763070344925
0.0015425359597429633 0.07037279009819031 0.07251100242137909
0.0011894053313881159 0.05660966411232948 0.05292072147130966
0.002818003762513399 0.03730219602584839 0.03924599662423134
0.001466592075303197 0.042715296149253845 0.04418621584773064
0.0029174548108130693 0.037741903215646744 0.04511916637420654
0.0011957441456615925 0.05208757519721985 0.05155240744352341
0.0017149251652881503 0.03240715339779854 0.03252336382865906
0.001664696610532701 0.07039592415094376 0.0700301080942154
0.0014444042462855577 0.07479545474052429 0.07719679176807404
0.002818590961396694 0.041733257472515106 0.04144827276468277
0.0011378566268831491 0.029839999973773956 0.032893404364585876
0.0018124599009752274 0.019635368138551712 0.018421972170472145
0.0022410412784665823 0.03399217873811722 0.03492322564125061
0.0026412680745124817 0.027226587757468224 0.025785846635699272
0.002128392457962036 0.05110212787985802 0.05160345882177353
0.0016154119512066245 0.027088426053524017 0.02521563321352005
0.002393255475908518 0.03551226109266281 0.04081497713923454
0.0011941703269258142 0.04187557101249695 0.04464174062013626
0.0025710707996040583 0.021126875653862953 0.01805870793759823
0.0026432713493704796 0.07984693348407745 0.07645690441131592
0.0025069524999707937 0.09606222808361053 0.09903769195079803
0.001431494252756238 0.043422881513834 0.042559511959552765
0.0019362680613994598 0.045517224818468094 0.048465434461832047
0.0013712701620534062 0.023346437141299248 0.02496667578816414
0.0020050115417689085 0.04117610678076744 0.03950708732008934
0.0016995208570733666 0.02232244238257408 0.021437479183077812
0.0026553659699857235 0.0191260427236557 0.02178904041647911
0.00177679059561342 0.04005003720521927 0.04260312393307686
0.0013527799164876342 0.031915079802274704 0.030301762744784355
0.0020160276908427477 0.022238167002797127 0.01998373493552208
0.0018316518981009722 0.05130689591169357 0.04964428395032883
0.0026539477985352278 0.06126203387975693 0.06289519369602203
0.002304186811670661 0.032225705683231354 0.03044845536351204
0.0012704164255410433 0.012762099504470825 0.01419077068567276
0.002275686012580991 0.05548742413520813 0.05381985753774643
0.0012830019695684314 0.019080834463238716 0.01812000758945942
0.0014820079086348414 0.1108282059431076 0.10973186045885086
0.0019647262524813414 0.054525282233953476 0.0565270371735096
0.0019340853905305266 0.02807619608938694 0.024836773052811623
0.002091512782499194 0.061489854007959366 0.05836696922779083
0.0019219618989154696 0.0444355383515358 0.03962695598602295
0.0021124854683876038 0.04136127233505249 0.044555578380823135
0.0025901610497385263 0.031872089952230453 0.03418729826807976
0.002585384761914611 0.02183876372873783 0.023655090481042862
0.0019103419035673141 0.03681972995400429 0.037560395896434784
0.0014971867203712463 0.016344716772437096 0.016085142269730568
0.0026683511678129435 0.03462449088692665 0.03520228713750839
0.0009373020729981363 0.012192793190479279 0.010697714984416962
0.0019055955344811082 0.057596731930971146 0.05891301855444908
0.001550937187857926 0.016189880669116974 0.015228752046823502
0.0018813383067026734 0.05680622160434723 0.055837519466876984
0.0016684919828549027 0.034218769520521164 0.034854013472795486
0.002400405937805772 0.021190501749515533 0.018295813351869583
0.0027656028978526592 0.047998204827308655 0.047386251389980316
0.0012202445650473237 0.05389196053147316 0.05223916098475456
0.0007434142171405256 0.013642758131027222 0.014099938794970512
0.002078075660392642 0.048623137176036835 0.05109262838959694
0.0012998541351407766 0.01992287114262581 0.01870565488934517
0.0013279927661642432 0.03440483286976814 0.03483673185110092
0.0010612733894959092 0.00622149184346199 0.006710804998874664
0.0013675870141014457 0.04538364335894585 0.04655851796269417
0.0013330315705388784 0.06745463609695435 0.06531833112239838
0.002561147790402174 0.01541086658835411 0.016398120671510696
0.0012664784444496036 0.015350084751844406 0.018456097692251205
0.0015607810346409678 0.054246097803115845 0.053896334022283554
0.0016010862309485674 0.027167487889528275 0.02634025365114212
0.0017006940906867385 0.048579391092061996 0.04617799445986748
0.002120034070685506 0.06420756876468658 0.06292854249477386
0.001202340587042272 0.04381963238120079 0.04135692119598389
0.0013385525671765208 0.07172975689172745 0.07795349508523941
0.0013207023730501533 0.08245427906513214 0.08555499464273453
0.0020885157864540815 0.05339549481868744 0.0521332211792469
0.0017204147297888994 0.028193004429340363 0.027936575934290886
0.0013373742112889886 0.030613867565989494 0.03158468380570412
0.0013729124329984188 0.022264402359724045 0.024035800248384476
0.0013843078631907701 0.017946142703294754 0.017700903117656708
0.0011764876544475555 0.0711686760187149 0.06998415291309357
0.001340547576546669 0.024646760895848274 0.02498489059507847
0.0014644808834418654 0.008191972970962524 0.008680630475282669
0.001906932215206325 0.016363896429538727 0.015967033803462982
0.002155427588149905 0.027483869343996048 0.028364863246679306
0.001912290113978088 0.027130642905831337 0.0299857035279274
0.00292394682765007 0.038382381200790405 0.04132666066288948
0.0021825635340064764 0.045282118022441864 0.04734553024172783
0.0011441962560638785 0.03141901269555092 0.0359700508415699
0.002246441086754203 0.012668922543525696 0.012855004519224167
0.0008909452590160072 0.04122955724596977 0.03648687154054642
0.001260196790099144 0.026167772710323334 0.02590549923479557
0.002028045943006873 0.032631441950798035 0.027333680540323257
0.001234468654729426 0.026724878698587418 0.02885015308856964
0.0010630189208313823 0.03256339952349663 0.033089619129896164
0.002085234737023711 0.050796233117580414 0.051152680069208145
0.0023362308274954557 0.047442056238651276 0.047467511147260666
0.0013262912398204207 0.02330705337226391 0.021855104714632034
0.0020306981168687344 0.03672610968351364 0.040224239230155945
0.0009931005770340562 0.03295125439763069 0.03213087469339371
0.0016353823011741042 0.024694303050637245 0.02320464700460434
0.0016572384629398584 0.02019619569182396 0.018520034849643707
0.0014560840791091323 0.03826972097158432 0.038488201797008514
0.0016668280586600304 0.016282381489872932 0.01984199322760105
0.0020220018923282623 0.0342436209321022 0.03849638253450394
0.0014468124136328697 0.010438837110996246 0.010784026235342026
0.0016455469885841012 0.030261144042015076 0.030524488538503647
0.0028990027494728565 0.01679835096001625 0.014707550406455994
0.001278449664823711 0.03948608785867691 0.040257956832647324
0.0013195197097957134 0.04232485592365265 0.042528413236141205
0.0017480207607150078 0.009332288056612015 0.008989587426185608
0.0010776581475511193 0.050726376473903656 0.05009382963180542
0.0011249464005231857 0.04290879890322685 0.04119577258825302
0.0015288275899365544 0.030296504497528076 0.029052600264549255
0.0025143723469227552 0.01240910217165947 0.012171603739261627
0.0015899321297183633 0.019718140363693237 0.020361214876174927
0.001167553709819913 0.047829657793045044 0.047360390424728394
0.0010541549418121576 0.02268739975988865 0.023187879472970963
0.002045322908088565 0.01598033308982849 0.016399763524532318
0.0016914953012019396 0.019414417445659637 0.019208313897252083
0.0015618846518918872 0.07280197739601135 0.07186858355998993
0.0010776305571198463 0.008930392563343048 0.009277649223804474
0.0012166015803813934 0.013858158141374588 0.013082098215818405
0.0014866854762658477 0.058679886162281036 0.05704479292035103
0.0019133146852254868 0.015758201479911804 0.01624789461493492
0.0013892626157030463 0.026119913905858994 0.02502335235476494
0.0011922501726076007 0.048108458518981934 0.05030696466565132
0.001513314084149897 0.03279413655400276 0.030151544138789177
0.0015346617437899113 0.037128694355487823 0.03655049204826355
0.0012430123751983047 0.027488000690937042 0.030287256464362144
0.001077048946171999 0.030456481501460075 0.03305251896381378
0.0014588769990950823 0.02484293468296528 0.02591192163527012
0.0014030553866177797 0.048008762300014496 0.04970813915133476
0.0019179501105099916 0.014940585941076279 0.016917165368795395
0.002289841417223215 0.01229521632194519 0.014096088707447052
0.0019280671840533614 0.03178106248378754 0.028346499428153038
0.0021799826063215733 0.03955893591046333 0.039078693836927414
0.0012028433848172426 0.06320489197969437 0.057494986802339554
0.0017902598483487964 0.03278131037950516 0.03254089131951332
0.0007064560777507722 0.023945946246385574 0.020958438515663147
0.0025676297955214977 0.04645951837301254 0.04448452219367027
0.0013765975600108504 0.01980741135776043 0.017995761707425117
0.0013097383780404925 0.02757316641509533 0.03023395501077175
0.002054731361567974 0.07333916425704956 0.07171760499477386
0.0012255104957148433 0.039498716592788696 0.039613429456949234
0.0012443459127098322 0.020800873637199402 0.021322838962078094
0.0019153710454702377 0.028736162930727005 0.030266432091593742
0.002084053121507168 0.032220467925071716 0.03228119760751724
0.0016270875930786133 0.02178107760846615 0.022496355697512627
0.0016262572025880218 0.013359762728214264 0.01398388296365738
0.0009410770726390183 0.02088911272585392 0.023692043498158455
0.001523536047898233 0.020965831354260445 0.023345384746789932
0.0013698929687961936 0.013643499463796616 0.013650137931108475
0.001034284825436771 0.030777009204030037 0.027017444372177124
0.0013666069135069847 0.025370391085743904 0.030900029465556145
0.002111932262778282 0.025291400030255318 0.025379683822393417
0.0017188939964398742 0.04219643399119377 0.035909950733184814
0.0019576807972043753 0.010994266718626022 0.010433956980705261
0.0011296216398477554 0.04963995888829231 0.05217962712049484
0.001970113953575492 0.07369353622198105 0.06948353350162506
0.000936257594730705 0.03281000256538391 0.03326192498207092
0.001728055882267654 0.03014654666185379 0.03163115680217743
0.0012088207295164466 0.02000291272997856 0.022734401747584343
0.0015358461532741785 0.024486545473337173 0.023041684180498123
0.0015561818145215511 0.041678979992866516 0.044731590896844864
0.0009409029153175652 0.013216473162174225 0.013031937181949615
0.0006618503830395639 0.008779078722000122 0.01085866242647171
0.0015279980143532157 0.008710470050573349 0.009605620056390762
0.0019765165634453297 0.03675033152103424 0.03565603494644165
0.0012556625297293067 0.020930215716362 0.019967956468462944
0.000663552840705961 0.04412899538874626 0.0438997782766819
0.0010301107540726662 0.016919728368520737 0.018100058659911156
0.0014929813332855701 0.034731991589069366 0.035182077437639236
0.0008727855165489018 0.04116887226700783 0.04161456972360611
0.0009712838800624013 0.03608430176973343 0.033882249146699905
0.001339621958322823 0.029727108776569366 0.03214405104517937
0.001181060797534883 0.007925562560558319 0.008526049554347992
0.0010812958935275674 0.036391519010066986 0.03337448835372925
0.0012664275709539652 0.019337724894285202 0.018239594995975494
0.0013361069140955806 0.024591175839304924 0.024480819702148438
0.0012377945240586996 0.05678769573569298 0.058321524411439896
0.0012712207389995456 0.045313309878110886 0.04522739723324776
0.0017645865445956588 0.05757114291191101 0.058474425226449966
0.001602473552338779 0.030654028058052063 0.03043145313858986
0.002411855384707451 0.03738273307681084 0.03977390378713608
0.0015147461090236902 0.012859122827649117 0.011772183701395988
0.0006707239081151783 0.00936608761548996 0.010380782186985016
0.0023286195937544107 0.033520057797431946 0.03810170665383339
0.0011913115158677101 0.05552927777171135 0.055145688354969025
0.0017223869217559695 0.01602712646126747 0.01762067712843418
0.0028084225486963987 0.03103310987353325 0.03257770091295242
0.0013387262588366866 0.024242118000984192 0.02557114139199257
0.0016270425403490663 0.026398492977023125 0.027977915480732918
0.0021138163283467293 0.022504659369587898 0.023579146713018417
0.002250470221042633 0.007047444581985474 0.007495477795600891
0.0015478895511478186 0.012364093214273453 0.012075405567884445
0.0012195449089631438 0.038532909005880356 0.039661210030317307
0.0008061479893513024 0.030504276975989342 0.02709943801164627
0.0010468726977705956 0.012345917522907257 0.012406239286065102
0.002197500318288803 0.06637910008430481 0.07343143224716187
0.0016067838296294212 0.0331304594874382 0.03282435983419418
0.002538821427151561 0.05058366432785988 0.05147320032119751
0.0020248573273420334 0.024139486253261566 0.02563803642988205
0.001196876517497003 0.018792113289237022 0.018294665962457657
0.001277000061236322 0.030011935159564018 0.0327426977455616
0.0008956528618000448 0.00933496281504631 0.008924759924411774
0.0016644407296553254 0.008597351610660553 0.010548025369644165
0.0007460167980752885 0.02003374695777893 0.018914926797151566
0.0009416926768608391 0.010407820343971252 0.011545944958925247
0.0015595318982377648 0.02307712472975254 0.02268168516457081
0.001478673773817718 0.036645881831645966 0.03570675104856491
0.0017893543699756265 0.014223158359527588 0.015485769137740135
0.0012590157566592097 0.03834616392850876 0.041095126420259476
0.001470310497097671 0.019176103174686432 0.021034784615039825
0.002000323263928294 0.04400821775197983 0.04213346540927887
0.0019319572020322084 0.015530969947576523 0.01688138023018837
0.0009688921272754669 0.017392223700881004 0.019234661012887955
0.001785452477633953 0.015557866543531418 0.015848461538553238
0.0021992649417370558 0.03592926636338234 0.032850030809640884
0.0014819471398368478 0.030402231961488724 0.02993495762348175
0.001532867201603949 0.03242401033639908 0.03128136694431305
0.0015700290678068995 0.03963926434516907 0.03670074790716171
0.0014204680919647217 0.04885762929916382 0.052756961435079575
0.000598879239987582 0.03878931701183319 0.043747738003730774
0.0006577516323886812 0.035275157541036606 0.03685813024640083
0.0007869540131650865 0.0227280855178833 0.02343706414103508
0.0017220964655280113 0.07343476265668869 0.07163313031196594
0.001295764814130962 0.06856200098991394 0.06830517947673798
0.0017980628181248903 0.0680951401591301 0.0645684078335762
0.0013110875152051449 0.03839454799890518 0.03823750093579292
0.0010184725979343057 0.025073159486055374 0.025991041213274002
0.0019501440692692995 0.01740662381052971 0.018925610929727554
0.0007856832817196846 0.03653311729431152 0.03858921304345131
0.0014275064459070563 0.03288662061095238 0.03399411588907242
0.0019377999706193805 0.010129889473319054 0.010249180719256401
0.0019954179879277945 0.01835297979414463 0.017260238528251648
0.0011471196776255965 0.037759486585855484 0.03672919049859047
0.0014967269962653518 0.01187792420387268 0.011357147246599197
0.0007208493771031499 0.03725698962807655 0.03883902356028557
0.0006268927245400846 0.021803105250000954 0.02243948169052601
0.0010976946214213967 0.03337991237640381 0.031399138271808624
0.0012507890351116657 0.05576752498745918 0.055115316063165665
0.0015625528758391738 0.019890431314706802 0.019832774996757507
0.0009606853127479553 0.0715784803032875 0.07340658456087112
0.0023857117630541325 0.022865567356348038 0.024347949773073196
0.0014212157111614943 0.026903420686721802 0.024793295189738274
0.0022300193086266518 0.007726270705461502 0.006662055850028992
0.002150804502889514 0.04780066758394241 0.048949338495731354
0.001443995162844658 0.02842339128255844 0.03029397875070572
0.0016525723040103912 0.04040566086769104 0.03992035612463951
0.002490360289812088 0.01012624241411686 0.009024009108543396
0.0007992329192347825 0.01663343608379364 0.02120339684188366
0.0007092981250025332 0.04067375883460045 0.04050265625119209
0.0011657479917630553 0.016907837241888046 0.016194699332118034
0.001897883601486683 0.025080829858779907 0.026992132887244225
0.0013595495838671923 0.032535310834646225 0.031627949327230453
0.0011440276866778731 0.0685737282037735 0.06658972799777985
0.0020799392368644476 0.00971599854528904 0.012083221226930618
0.0016672287601977587 0.019336316734552383 0.020956851541996002
0.0005779007915407419 0.04508081451058388 0.04335396736860275
0.0010061392094939947 0.024797946214675903 0.02334306389093399
0.0011851948220282793 0.014424974098801613 0.01261790469288826
0.0010208276798948646 0.0225745290517807 0.018800288438796997
0.0005854960763826966 0.04110516607761383 0.04204465076327324
0.0014548891922459006 0.01730690523982048 0.020588010549545288
0.0018913339590653777 0.01967117190361023 0.02048461325466633
0.0016119091305881739 0.014829959720373154 0.015164479613304138
0.0011701959883794188 0.010830437764525414 0.010280981659889221
0.0018196508754044771 0.04539068788290024 0.04384659230709076
0.0010943764355033636 0.021707095205783844 0.022066041827201843
0.0013297805562615395 0.05102798715233803 0.054171063005924225
0.0013000339968129992 0.04995541274547577 0.049933768808841705
0.001969729783013463 0.07583373785018921 0.07162034511566162
0.0011822165688499808 0.015208788216114044 0.015727533027529716
0.001115096383728087 0.01419898122549057 0.015150204300880432
0.001060071517713368 0.017794504761695862 0.016512546688318253
0.001073212712071836 0.022847257554531097 0.022191189229488373
0.001094520092010498 0.04006073623895645 0.03848455846309662
0.0009667896083556116 0.014668703079223633 0.01384776458144188
0.0006531440885737538 0.008229564875364304 0.007689949125051498
0.001487867208197713 0.050385482609272 0.04766241833567619
0.00120569730643183 0.014242775738239288 0.01430269330739975
0.0008416456985287368 0.05485181137919426 0.06023180112242699
0.0006588918040506542 0.033571530133485794 0.035011325031518936
0.0010383406188338995 0.01915985345840454 0.019386008381843567
0.0012453917879611254 0.014499705284833908 0.013725567609071732
0.001495770993642509 0.0215846486389637 0.022712890058755875
0.0012868802295997739 0.029165027663111687 0.03133232146501541
0.001274980721063912 0.01583683490753174 0.015647947788238525
0.0005185186746530235 0.026447707787156105 0.024234289303421974
0.0011047609150409698 0.016380053013563156 0.017242545261979103
0.0011833655880764127 0.0875033438205719 0.08053460717201233
0.0008466005674563348 0.023141684010624886 0.024434275925159454
0.0014125030720606446 0.030805720016360283 0.028662975877523422
0.0010202473495155573 0.016330627724528313 0.014195516705513
0.0013781095622107387 0.030664781108498573 0.029741203412413597
0.001240563578903675 0.03629210963845253 0.03702222928404808
0.0012911463854834437 0.023164527490735054 0.024819545447826385
0.0007895929738879204 0.03392857313156128 0.03299523517489433
0.0011741123162209988 0.022323686629533768 0.019476693123579025
0.0014609125209972262 0.034074537456035614 0.036390140652656555
0.001596381887793541 0.013340309262275696 0.012989137321710587
0.0011852015741169453 0.01118367537856102 0.0116744264960289
0.0009457712876610458 0.024411309510469437 0.02511366456747055
0.0015426528407260776 0.03588510677218437 0.038905125111341476
0.002372422721236944 0.009528808295726776 0.011076889932155609
0.0005166055052541196 0.024339504539966583 0.026005703955888748
0.0012191208079457283 0.0256442092359066 0.026593688875436783
0.0007252623909153044 0.06464816629886627 0.07205602526664734
0.0010361999738961458 0.029986631125211716 0.03318518027663231
0.0007718857377767563 0.013407312333583832 0.013245273381471634
0.0008666689391247928 0.022905461490154266 0.02198812924325466
0.001755950041115284 0.012234721332788467 0.011859443038702011
0.0007551679736934602 0.013193055987358093 0.013009525835514069
0.0005303879734128714 0.01905447617173195 0.021876603364944458
0.0013736352557316422 0.018075501546263695 0.01774117536842823
0.0008955113589763641 0.035136450082063675 0.032724928110837936
0.0014193111564964056 0.03133988380432129 0.031583771109580994
0.001217624987475574 0.030637897551059723 0.030499957501888275
0.0013668377650901675 0.01720721647143364 0.01741776615381241
0.0013676091330125928 0.04552257061004639 0.0428343340754509
0.0008958285907283425 0.005009867250919342 0.004316121339797974
0.0009989719837903976 0.031181413680315018 0.03206024318933487
0.0010042589856311679 0.03751321882009506 0.032179348170757294
0.0010924754897132516 0.01227770745754242 0.014313815161585808
0.00042207070509903133 0.020285841077566147 0.019828520715236664
0.0004419273172970861 0.013986404985189438 0.016412939876317978
0.0010006394004449248 0.07033051550388336 0.06459909677505493
0.001090070465579629 0.04543173685669899 0.046284839510917664
0.0011326530948281288 0.029775887727737427 0.0333590991795063
0.0010895433370023966 0.014452069997787476 0.013751870021224022
0.0017481510294601321 0.0188099667429924 0.018487663939595222
0.0008216621354222298 0.015955552458763123 0.014025416225194931
0.0007894000154919922 0.015496067702770233 0.018483437597751617
0.0012739391531795263 0.012998241931200027 0.01494898833334446
0.0009523829794488847 0.06033478304743767 0.062372416257858276
0.001368319964967668 0.03512311726808548 0.037414614111185074
0.0013971524313092232 0.016677604988217354 0.01707441546022892
0.001083155395463109 0.02863955870270729 0.030613044276833534
0.0007800161256454885 0.019195321947336197 0.021108973771333694
0.001403139322064817 0.026196647435426712 0.024305682629346848
0.0008318297914229333 0.011124782264232635 0.012433141469955444
0.0018622380448505282 0.018198903650045395 0.019271066412329674
0.0008436230127699673 0.015287850052118301 0.015903839841485023
0.0009467711788602173 0.03330690413713455 0.03201376646757126
0.0008933646604418755 0.024613337591290474 0.022038152441382408
0.001195375225506723 0.04078736901283264 0.037344273179769516
0.0015046709449961782 0.008768193423748016 0.01087656244635582
0.0009467356139793992 0.010207977145910263 0.009212592616677284
0.0007416856824420393 0.024209005758166313 0.02499994821846485
0.000907456676941365 0.021876685321331024 0.024338971823453903
0.0009119347669184208 0.055279988795518875 0.05371331796050072
0.0010192716727033257 0.015602212399244308 0.015224676579236984
0.0010296838590875268 0.019087515771389008 0.018652502447366714
0.0017495796782895923 0.02093878760933876 0.017685379832983017
0.0012470092624425888 0.014540836215019226 0.013938400894403458
0.0016355960397049785 0.03937679901719093 0.041947394609451294
0.0012550080427899957 0.012769125401973724 0.012686818838119507
0.0008007552823983133 0.02547793835401535 0.024994278326630592
0.0006254312465898693 0.024256078526377678 0.02260090410709381
0.0010449005058035254 0.021304570138454437 0.017942175269126892
0.0004897654871456325 0.009581923484802246 0.009840745478868484
0.0008141830912791193 0.03261636570096016 0.03557446599006653
0.0006328040617518127 0.04715826362371445 0.046259261667728424
0.0008142486331053078 0.046480096876621246 0.04052621126174927
0.0007255211821757257 0.019447991624474525 0.01868252642452717
0.0008607256459072232 0.030108055099844933 0.028516264632344246
0.0013408873928710818 0.01783047802746296 0.017378460615873337
0.002005711430683732 0.013794437050819397 0.01351235993206501
0.0010661332635208964 0.026336420327425003 0.02322261966764927
0.001187348854728043 0.022390495985746384 0.018659275025129318
0.001424874528311193 0.027460690587759018 0.029888808727264404
0.0009892230154946446 0.04526369273662567 0.04412609711289406
0.0013995725894346833 0.010311521589756012 0.010845158249139786
0.0008902467670850456 0.017411787062883377 0.018422618508338928
0.0006546067306771874 0.04117608815431595 0.040562089532613754
0.0014251217944547534 0.03483927622437477 0.03777278959751129
0.0011697809677571058 0.01931329444050789 0.015712887048721313
0.0010999974329024553 0.031098848208785057 0.033677034080028534
0.0012457817792892456 0.02144666016101837 0.023197978734970093
0.0010778255527839065 0.06126033142209053 0.060706742107868195
0.001003627898171544 0.023423241451382637 0.026197809725999832
0.0013031511334702373 0.031222596764564514 0.02904650941491127
0.001355753163807094 0.025964537635445595 0.02740987204015255
0.0013251964701339602 0.025407765060663223 0.027455588802695274
0.0014332537539303303 0.014880388975143433 0.016397135332226753
0.0010053173173218966 0.011911461129784584 0.014111191034317017
0.001316793612204492 0.0338803231716156 0.030253669247031212
0.0009462749003432691 0.012295989319682121 0.01011965237557888
0.001669999212026596 0.013900883495807648 0.014178439974784851
0.0009294188930653036 0.033254969865083694 0.03412077948451042
0.0009175338200293481 0.041066236793994904 0.04257223382592201
0.000913569878321141 0.013250932097434998 0.015548387542366982
0.0019337233388796449 0.01776622235774994 0.02073289453983307
0.00073529954534024 0.030044669285416603 0.030702095478773117
0.0006554077262990177 0.021246565505862236 0.021135492250323296
0.0013268914772197604 0.03798932954668999 0.03820625692605972
0.0004895425518043339 0.03965725004673004 0.04057549685239792
0.0008424266125075519 0.02464742586016655 0.0249189380556345
0.0009541496983729303 0.02023094892501831 0.02062065340578556
0.0007829921669326723 0.014845520257949829 0.01606767438352108
0.001161695457994938 0.0298446211963892 0.03403453156352043
0.0013406755169853568 0.01561964675784111 0.014773383736610413
0.0009187851101160049 0.033037759363651276 0.031374234706163406
0.0009143241913989186 0.04252102971076965 0.040499504655599594
0.0013202697737142444 0.015852835029363632 0.016394775360822678
0.0012604277580976486 0.013538721948862076 0.01643083617091179
0.0006889784126542509 0.04988451302051544 0.04784320667386055
0.001527993706986308 0.03569561988115311 0.038209691643714905
0.000880061590578407 0.008908871561288834 0.008483625948429108
0.0007851777481846511 0.029035750776529312 0.03204411268234253
0.0012799586402252316 0.023377224802970886 0.01933475211262703
0.0009866225300356746 0.00943019613623619 0.009621478617191315
0.001329817809164524 0.010651271790266037 0.011081717908382416
0.0009443890303373337 0.044089190661907196 0.040745191276073456
0.0013402028707787395 0.021053804084658623 0.020026275888085365
0.0012816265225410461 0.017090100795030594 0.0194193497300148
0.0008372212178073823 0.025220274925231934 0.028637098148465157
0.000916602264624089 0.014814218506217003 0.018231205642223358
0.0007397622684948146 0.030523642897605896 0.030428100377321243
0.0006756267393939197 0.05349666252732277 0.05507541820406914
0.000707487459294498 0.048799317330121994 0.052543748170137405
0.001449376461096108 0.039520014077425 0.042084354907274246
0.0007887572282925248 0.024545300751924515 0.02701786905527115
0.0014319507172331214 0.02779722958803177 0.026790335774421692
0.0008532983483746648 0.0042198412120342255 0.004217669367790222
0.001094560488127172 0.0232528205960989 0.0198177769780159
0.0009746334399096668 0.028654538094997406 0.029319217428565025
0.0009423510055057704 0.04477827996015549 0.045991431921720505
0.0013453675201162696 0.028219664469361305 0.026942303404211998
0.000870256160851568 0.013434838503599167 0.012897670269012451
0.001179355545900762 0.012545537203550339 0.01345408707857132
0.000444407865870744 0.02238686941564083 0.022028254345059395
0.001033881097100675 0.010051686316728592 0.01090097427368164
0.0015571370022371411 0.028970684856176376 0.03012053668498993
0.0008874364430084825 0.03447974845767021 0.03417285159230232
0.0006788889295421541 0.027625184506177902 0.024938104674220085
0.0007328031933866441 0.04206138476729393 0.037868037819862366
0.0007446715026162565 0.017207320779561996 0.016715943813323975
0.0004646961751859635 0.033548951148986816 0.030062898993492126
0.0007700160495005548 0.018194397911429405 0.016118237748742104
0.0008134154486469924 0.02538440376520157 0.02883259952068329
0.0008649371447972953 0.02199629135429859 0.019777921959757805
0.000828330114018172 0.014687769114971161 0.016205497086048126
0.0008763588848523796 0.031197063624858856 0.030681615695357323
0.0008688121451996267 0.02483787015080452 0.022986888885498047
0.0010523786768317223 0.016649654135107994 0.018962517380714417
0.0008752561407163739 0.018025191500782967 0.017928145825862885
0.0011438316432759166 0.032941605895757675 0.03214195370674133
0.0013194744242355227 0.04480908811092377 0.04216533899307251
0.0012199955526739359 0.01008937880396843 0.011382956057786942
0.0018801946425810456 0.019695738330483437 0.019132308661937714
0.0009581759804859757 0.05138762667775154 0.04746397212147713
0.0017350338166579604 0.007812146097421646 0.0074109360575675964
0.0013444827636703849 0.014931447803974152 0.014064207673072815
0.0011962176067754626 0.037652388215065 0.04042124003171921
0.0007827423396520317 0.018932417035102844 0.022046959027647972
0.0010996833443641663 0.008748844265937805 0.008008424192667007
0.0005590302171185613 0.014140293002128601 0.014363210648298264
0.0011200587032362819 0.01468811184167862 0.014706294983625412
0.0008639778243377805 0.041537486016750336 0.04489657282829285
0.00139523483812809 0.03897137939929962 0.04424441605806351
0.0008257031440734863 0.016398049890995026 0.01656254567205906
0.0012965868227183819 0.023880351334810257 0.023019123822450638
0.0011258225422352552 0.0730031356215477 0.07411491870880127
0.0005588104831986129 0.008628647774457932 0.008238472044467926
0.0013380763120949268 0.007643267512321472 0.006826549768447876
0.0012760490644723177 0.07013419270515442 0.0657917857170105
0.0007634065113961697 0.04694056510925293 0.048932529985904694
0.0010996311902999878 0.009681560099124908 0.009890422224998474
0.0009845106396824121 0.0421518012881279 0.040594130754470825
0.0015128236263990402 0.012801732867956161 0.012655232101678848
0.0007169630844146013 0.01248655654489994 0.012386046350002289
0.0015051377704367042 0.01438523456454277 0.013588689267635345
0.00037690880708396435 0.05482146143913269 0.05418118089437485
0.000910942442715168 0.013715971261262894 0.013703487813472748
0.0010544079123064876 0.012467950582504272 0.011308226734399796
0.0008668298250995576 0.02628578245639801 0.02979055419564247
0.000832623743917793 0.05098645016551018 0.04805091768503189
0.0005979709676466882 0.03123045712709427 0.028194837272167206
0.0009325345163233578 0.02714039385318756 0.02747501991689205
0.001359784509986639 0.0196848064661026 0.019220799207687378
0.0003428609052207321 0.005389943718910217 0.005638133734464645
0.000748601567465812 0.017374828457832336 0.017468338832259178
0.0005799825303256512 0.053881604224443436 0.04908440634608269
0.0006678327918052673 0.036051444709300995 0.03784073889255524
0.0006241252995096147 0.02747146412730217 0.02666326053440571
0.0011161776492372155 0.02778107114136219 0.025836540386080742
0.001641029492020607 0.020453117787837982 0.02184440940618515
0.0010809326777234674 0.017495013773441315 0.019401319324970245
0.001061007846146822 0.019144393503665924 0.021599140018224716
0.0018017332768067718 0.017778795212507248 0.016788506880402565
0.0014919743407517672 0.029054315760731697 0.030167575925588608
0.0011668375227600336 0.015721864998340607 0.015041742473840714
0.0011152498191222548 0.032389841973781586 0.03003682568669319
0.0005592227098532021 0.005857657641172409 0.0051206015050411224
0.0007675987435504794 0.01328279823064804 0.012235864996910095
0.0010707036126405 0.0191647931933403 0.018374711275100708
0.001996132079511881 0.016923636198043823 0.016382351517677307
0.0015287483111023903 0.022331602871418 0.02084428071975708
0.00042597856372594833 0.010249488055706024 0.009342797100543976
0.00047366629587486386 0.014757316559553146 0.0140589140355587
0.0007818674785085022 0.014269083738327026 0.012559808790683746
0.0010169491870328784 0.0765056312084198 0.0756201520562172
0.0008639739826321602 0.040258243680000305 0.036534808576107025
0.0014672602992504835 0.01709027960896492 0.01563754864037037
0.0007057447801344097 0.024554528295993805 0.024216365069150925
0.0007273711380548775 0.013760942965745926 0.013433072715997696
0.0011523388093337417 0.03131095692515373 0.03247125446796417
0.0014746328815817833 0.008667360991239548 0.009183250367641449
0.001269466825760901 0.023999113589525223 0.032244905829429626
0.0008977558463811874 0.023596854880452156 0.023995866999030113
0.001086732721887529 0.01122688502073288 0.010977137833833694
0.001084305695258081 0.010560676455497742 0.009681208059191704
0.0008127665496431291 0.015692124143242836 0.014904303476214409
0.0009862432489171624 0.023649075999855995 0.02209789864718914
0.0016719632549211383 0.020135626196861267 0.020171761512756348
0.0008670343086123466 0.01823340356349945 0.018825212493538857
0.0010923969093710184 0.023139413446187973 0.022437630221247673
0.0013749803183600307 0.008984681218862534 0.008524853736162186
0.0010514183668419719 0.028549745678901672 0.026749983429908752
0.0011229775846004486 0.015906520187854767 0.016331130638718605
0.001318831811659038 0.021239889785647392 0.019573630765080452
0.0015628187684342265 0.02012193389236927 0.01981276459991932
0.0010719973361119628 0.0137859545648098 0.014692116528749466
0.0014827841660007834 0.04371633008122444 0.03952724486589432
0.0015577052254229784 0.03113325871527195 0.02889779955148697
0.0008915539947338402 0.014334484934806824 0.014959927648305893
0.0008922644192352891 0.030075689777731895 0.031166134402155876
0.002053517382591963 0.015300724655389786 0.013083674013614655
0.0014486711006611586 0.061573851853609085 0.05540953949093819
0.0010111465817317367 0.012382838875055313 0.011019263416528702
0.00154696439858526 0.06609680503606796 0.06861492246389389
0.0009360831463709474 0.01326514407992363 0.015493609011173248
0.0009343538549728692 0.005208361893892288 0.005411669611930847
0.0024668679106980562 0.021637750789523125 0.020282084122300148
0.0012479834258556366 0.017719868570566177 0.016966210678219795
0.00112887192517519 0.038595251739025116 0.036947183310985565
0.0003595077432692051 0.02229229174554348 0.022655533626675606
0.0012659387430176139 0.017700664699077606 0.01661618798971176
0.0009069160441868007 0.027506735175848007 0.02272995002567768
0.0009908911306411028 0.02275027148425579 0.021661795675754547
0.0011339455377310514 0.025842348113656044 0.022882195189595222
0.0008421256206929684 0.03330874443054199 0.03169019892811775
0.0006503816694021225 0.010938718914985657 0.010785836726427078
0.001534567098133266 0.007668841630220413 0.007835052907466888
0.0015204426599666476 0.020433787256479263 0.01938178576529026
0.0011235717684030533 0.016451621428132057 0.017377013340592384
0.0008387007983401418 0.04658062011003494 0.04677233844995499
0.0013082005316391587 0.009976282715797424 0.01054057851433754
0.0007961333030834794 0.012299031019210815 0.012382971122860909
0.001265518250875175 0.03036573901772499 0.030964257195591927
0.0012235328322276473 0.026038434356451035 0.025502586737275124
0.001343277283012867 0.016361895948648453 0.014914020895957947
0.0013684576842933893 0.028992298990488052 0.03170717880129814
0.0007525479886680841 0.006289616227149963 0.006229139864444733
0.0011262380285188556 0.028327200561761856 0.031880222260951996
0.0010565145639702678 0.028074800968170166 0.027237851172685623
0.0019962352234870195 0.014552611857652664 0.012721341103315353
0.0012326985597610474 0.036588154733181 0.03770952299237251
0.0012827672762796283 0.022234661504626274 0.023089269176125526
0.001091037061996758 0.0069296229630708694 0.007488152012228966
0.0010288598714396358 0.01863863691687584 0.019553110003471375
0.00102079042699188 0.015853218734264374 0.01376621425151825
0.0012022230075672269 0.028243113309144974 0.028714435175061226
0.001453517354093492 0.009206954389810562 0.010168995708227158
0.0005487192538566887 0.031112749129533768 0.031147425994277
0.0009464459726586938 0.05695018544793129 0.055509768426418304
0.0008788203704170883 0.014711914584040642 0.015208698809146881
0.0010381789179518819 0.038131069391965866 0.0388672798871994
0.0007312623783946037 0.016696564853191376 0.018894772976636887
0.0011384086683392525 0.013330144807696342 0.014386190101504326
0.0011941478587687016 0.03130457550287247 0.03106537275016308
0.00159274076577276 0.029000623151659966 0.03294220194220543
0.0011524957371875644 0.022751957178115845 0.022943243384361267
0.0010519832139834762 0.0692460909485817 0.07172373682260513
0.0008236604044213891 0.028947614133358 0.02670402266085148
0.0012914594262838364 0.019843803718686104 0.017613233998417854
0.000980998738668859 0.03308332711458206 0.031794313341379166
0.0007198798703029752 0.02244851365685463 0.022887185215950012
0.001311706262640655 0.02017262764275074 0.020720722153782845
0.0014783742371946573 0.04064283147454262 0.04470042139291763
0.0021142468322068453 0.02362590655684471 0.021505257114768028
0.0008498523384332657 0.009091611951589584 0.009068943560123444
0.000841473403852433 0.020822711288928986 0.023127727210521698
0.0008617156418040395 0.04206115007400513 0.03912228345870972
0.0015532454708591104 0.012652184814214706 0.013624589890241623
0.0013324945466592908 0.0153130404651165 0.014253374189138412
0.0009703245013952255 0.017669599503278732 0.01982661336660385
0.001352552673779428 0.014028133824467659 0.013776972889900208
0.0009607687825337052 0.02741379104554653 0.02744457498192787
0.0010428389068692923 0.02879837527871132 0.02946990542113781
0.001527754939161241 0.008337585255503654 0.008796997368335724
0.0011556858662515879 0.04491935670375824 0.04478061571717262
0.0011528575560078025 0.023525571450591087 0.023796571418642998
0.0006871740333735943 0.011539645493030548 0.011132564395666122
0.0014181715669110417 0.012058276683092117 0.012315275147557259
0.0006062782485969365 0.015492871403694153 0.015117079019546509
0.0008672612602822483 0.03220485523343086 0.03568520396947861
0.001522478531114757 0.03309212252497673 0.03455164283514023
0.0007673170766793191 0.07135971635580063 0.07989579439163208
0.00036925607128068805 0.009218838065862656 0.008174598217010498
0.0005864238482899964 0.0474555641412735 0.044436026364564896
0.0003606719837989658 0.07205946743488312 0.07119593769311905
0.00101416592951864 0.02024189941585064 0.01969551108777523
0.0012478851713240147 0.019659480080008507 0.020913604646921158
0.0012252259766682982 0.02957644686102867 0.02988380938768387
0.0008060208638198674 0.012579448521137238 0.012830141931772232
0.0008180065196938813 0.04605773463845253 0.04614220932126045
