0.020694047212600708 1.906861662864685 1.9487671852111816
0.009174489416182041 0.5559808611869812 0.5570104122161865
0.01084890216588974 0.3273851275444031 0.3273138999938965
0.012257358990609646 0.2711310088634491 0.2752665579319
0.013895772397518158 0.33085858821868896 0.33576852083206177
0.014373162761330605 0.20802977681159973 0.207112118601799
0.012551399879157543 0.38813722133636475 0.3946545422077179
0.012639224529266357 0.21910260617733002 0.22519581019878387
0.01324289757758379 0.2079629898071289 0.21634861826896667
0.013786974363029003 0.27650877833366394 0.27677011489868164
0.010566843673586845 0.4129687249660492 0.39980703592300415
0.012121363542973995 0.29241907596588135 0.2867111265659332
0.011288771405816078 0.3491118848323822 0.3382437229156494
0.011658484116196632 0.29046186804771423 0.2795493006706238
0.01229519210755825 0.32557904720306396 0.3333572745323181
0.013644235208630562 0.30742019414901733 0.3033568561077118
0.009496690705418587 0.2217406928539276 0.2163560539484024
0.010105435736477375 0.1983189582824707 0.2002369463443756
0.012523791752755642 0.1796320527791977 0.17655891180038452
0.009738792665302753 0.1930556297302246 0.19573178887367249
0.010944499634206295 0.2181553840637207 0.20963233709335327
0.009959173388779163 0.19108222424983978 0.18980030715465546
0.01017595361918211 0.2278098315000534 0.23223987221717834
0.008171029388904572 0.12582921981811523 0.12875908613204956
0.010373967699706554 0.26049143075942993 0.2601640820503235
0.009150314144790173 0.2510654032230377 0.25168055295944214
0.011086791753768921 0.15010966360569 0.15232235193252563
0.009467286057770252 0.25170910358428955 0.24769923090934753
0.008319105952978134 0.12006422132253647 0.12006166577339172
0.008469550870358944 0.1530439257621765 0.15023872256278992
0.009232386015355587 0.14847303926944733 0.1442919671535492
0.009718022309243679 0.23014478385448456 0.2219533920288086
0.01288819219917059 0.1251823604106903 0.12780463695526123
0.008449098095297813 0.13208931684494019 0.1262994408607483
0.009492729790508747 0.18555600941181183 0.1833198368549347
0.009200510568916798 0.15975728631019592 0.1478634923696518
0.007818951271474361 0.16906483471393585 0.16955958306789398
0.010334578342735767 0.07180473953485489 0.07351658493280411
0.009932532906532288 0.16885463893413544 0.17171990871429443
0.008426003158092499 0.12516933679580688 0.12803839147090912
0.00949614867568016 0.1265256106853485 0.1263275146484375
0.008340450935065746 0.16052618622779846 0.15165457129478455
0.008347303606569767 0.09766609966754913 0.10318625718355179
