0.020478537306189537 1.9311860799789429 1.9280083179473877
0.006960977800190449 0.47252222895622253 0.47132253646850586
0.01220483798533678 0.30196675658226013 0.3062446117401123
0.011568809859454632 0.2989858090877533 0.3089609742164612
0.014096972532570362 0.31412452459335327 0.3127567172050476
0.011406696401536465 0.3377990424633026 0.335562527179718
0.011487116105854511 0.3178430199623108 0.32472240924835205
0.010938654653728008 0.4191189706325531 0.4313978850841522
0.010513687506318092 0.37667006254196167 0.37337642908096313
0.009533070027828217 0.3589928150177002 0.34989750385284424
0.012445241212844849 0.3289956748485565 0.33311793208122253
0.01335886400192976 0.34867438673973083 0.3470410704612732
0.010349546559154987 0.19538983702659607 0.18851158022880554
0.01001729816198349 0.23414024710655212 0.23106306791305542
0.011320143938064575 0.1611020863056183 0.1656421422958374
0.010944702662527561 0.24705642461776733 0.23989032208919525
0.008661448955535889 0.1739611029624939 0.16720455884933472
0.01193202193826437 0.24590474367141724 0.25600680708885193
0.012239927425980568 0.2452264279127121 0.24310225248336792
0.00811856146901846 0.15498864650726318 0.16218355298042297
0.009569087065756321 0.2043529897928238 0.20223231613636017
0.011550148949027061 0.14610059559345245 0.13707278668880463
0.010294829495251179 0.1946936398744583 0.1983884871006012
0.011795521713793278 0.12491258978843689 0.13589322566986084
0.010581891052424908 0.22706709802150726 0.22481286525726318
0.009809151291847229 0.22374241054058075 0.23954646289348602
0.012713372707366943 0.2048225998878479 0.20360389351844788
0.011158714070916176 0.33910393714904785 0.32935503125190735
0.009596328251063824 0.1303979456424713 0.12638412415981293
0.009837481193244457 0.1192074716091156 0.13434644043445587
0.007360205985605717 0.2284305989742279 0.22061581909656525
0.007762625813484192 0.29221242666244507 0.28488513827323914
0.009022975340485573 0.21395725011825562 0.2164759784936905
0.010800129733979702 0.11907494068145752 0.11463391780853271
0.009545332752168179 0.1325070708990097 0.1262698918581009
0.007595634553581476 0.22813788056373596 0.22057674825191498
0.008443712256848812 0.15813696384429932 0.1622302234172821
0.008567295968532562 0.11842256039381027 0.1276528388261795
0.00736932922154665 0.0946902483701706 0.0991809219121933
0.0074851661920547485 0.16831627488136292 0.16451357305049896
0.006836654152721167 0.12146162241697311 0.1277492791414261
0.00841106940060854 0.09200863540172577 0.09504593908786774
0.00728723406791687 0.10057534277439117 0.10543251037597656
0.008051794953644276 0.2322787046432495 0.22707879543304443
0.007542172912508249 0.11165979504585266 0.10527272522449493
0.00976357702165842 0.08418445289134979 0.08300060033798218
0.007820465601980686 0.13343442976474762 0.1481163501739502
0.007115119136869907 0.1277938038110733 0.13115888833999634
0.008861449547111988 0.16459138691425323 0.15997421741485596
0.006466035731136799 0.09307906031608582 0.09512816369533539
0.007851351983845234 0.1776253879070282 0.17948362231254578
0.006749644409865141 0.16777020692825317 0.1590813845396042
0.007044637110084295 0.10238340497016907 0.09894981235265732
0.009431394748389721 0.1618877500295639 0.17046354711055756
0.007390770595520735 0.13725948333740234 0.13935038447380066
0.008022591471672058 0.07789696753025055 0.08215554803609848
0.008797946386039257 0.21090367436408997 0.2274245321750641
0.006939195096492767 0.11033497005701065 0.13145968317985535
0.005570315755903721 0.10449831932783127 0.09190959483385086
0.006099716294556856 0.19577276706695557 0.21329326927661896
0.005094978492707014 0.1808878481388092 0.1797763705253601
0.007774199824780226 0.06899111717939377 0.06689980626106262
0.007023257669061422 0.05303562432527542 0.05435841903090477
0.0076589807868003845 0.07210306078195572 0.07236658781766891
0.004889564588665962 0.08583708107471466 0.08626606315374374
0.008383496664464474 0.16405995190143585 0.16606582701206207
0.008136977441608906 0.12210478633642197 0.12355892360210419
0.006195517256855965 0.16708678007125854 0.17130661010742188
0.007926272228360176 0.09403126686811447 0.09647200256586075
0.007117605302482843 0.0316324308514595 0.03490203619003296
0.00710679916664958 0.056113965809345245 0.04517696052789688
0.005670697893947363 0.08732195943593979 0.0826493576169014
0.007839853875339031 0.03889506682753563 0.0342090018093586
0.007654476445168257 0.055690743029117584 0.05187927186489105
0.005002112593501806 0.16171202063560486 0.16543689370155334
0.007862533442676067 0.10016828775405884 0.10093232989311218
0.00657641002908349 0.09654349833726883 0.09571565687656403
0.008575104176998138 0.03467875346541405 0.024370959028601646
0.006680143065750599 0.062012407928705215 0.057576436549425125
0.006170117761939764 0.08614329993724823 0.07901467382907867
0.005611239466816187 0.11064015328884125 0.11314522475004196
0.005901376251131296 0.08299686759710312 0.08050227165222168
0.005891711451113224 0.07562669366598129 0.07164166867733002
0.005868461448699236 0.10621623694896698 0.12063878029584885
0.005589669104665518 0.1068042665719986 0.10642917454242706
0.005038002040237188 0.08310200273990631 0.08348915725946426
0.006470200605690479 0.07608737051486969 0.08460666239261627
0.0052446345798671246 0.051101043820381165 0.04971066489815712
0.004742139484733343 0.0827036201953888 0.08255985379219055
0.006216007750481367 0.05161694809794426 0.061225295066833496
0.007358917500823736 0.09477579593658447 0.1064697727560997
0.004178833216428757 0.08034633845090866 0.07144980132579803
0.006234704051166773 0.07937334477901459 0.0707535594701767
0.005798849742859602 0.04166214540600777 0.035126250237226486
0.008581128902733326 0.09332707524299622 0.08452117443084717
0.005701555870473385 0.08962161839008331 0.09367962181568146
0.00706849480047822 0.09277594089508057 0.07571952044963837
0.007134780287742615 0.08128996193408966 0.08555388450622559
0.006804208736866713 0.054347723722457886 0.05837448686361313
0.0064134495332837105 0.09160411357879639 0.09709464013576508
0.00648432457819581 0.07855770736932755 0.07747672498226166
0.007798911537975073 0.026187723502516747 0.023303091526031494
0.006595374085009098 0.08171681314706802 0.07987981289625168
0.006642546039074659 0.05219940096139908 0.04556100443005562
0.00713112810626626 0.05618451535701752 0.05921683460474014
0.005775073543190956 0.04145294427871704 0.042991288006305695
0.006575832609087229 0.06504768133163452 0.06464212387800217
0.005337354727089405 0.0872587114572525 0.08199119567871094
0.00807718001306057 0.10264591872692108 0.09982474148273468
0.005594413261860609 0.029636790975928307 0.02862381748855114
0.005764254368841648 0.05147126317024231 0.04419053718447685
0.0051165977492928505 0.05342252925038338 0.06313871592283249
0.007422234397381544 0.039856087416410446 0.039749983698129654
0.003585711121559143 0.0759509950876236 0.07876547425985336
0.00552896736189723 0.03563268855214119 0.03836602717638016
0.005685468669980764 0.09706930816173553 0.08892674744129181
0.0056561799719929695 0.04186775162816048 0.033842653036117554
0.005593141075223684 0.030998045578598976 0.031408123672008514
0.006314344238489866 0.029808836057782173 0.034044038504362106
0.005395965185016394 0.06045166775584221 0.05579639971256256
0.005555933807045221 0.05717088654637337 0.05265190824866295
0.004997036419808865 0.046623148024082184 0.04293004423379898
0.005334300920367241 0.05057413503527641 0.05050118267536163
0.004553041886538267 0.07955731451511383 0.0685788244009018
0.008876604028046131 0.03330971673130989 0.0352230966091156
0.005477425642311573 0.04705699533224106 0.04105839505791664
0.006018814630806446 0.04449041560292244 0.0337357223033905
0.0050404248759150505 0.06112834811210632 0.0556594654917717
0.005452600307762623 0.01998978480696678 0.020587144419550896
0.005654294975101948 0.02610582858324051 0.0226576067507267
0.005706549156457186 0.10987959802150726 0.11291426420211792
0.004674962256103754 0.05030658841133118 0.058127544820308685
0.004985967185348272 0.026156924664974213 0.03240956738591194
0.005931474268436432 0.039385925978422165 0.038164932280778885
0.006328301038593054 0.06546957045793533 0.06302578002214432
0.006822322495281696 0.02350565791130066 0.0218198299407959
0.005920977331697941 0.046901486814022064 0.049459222704172134
0.005978913512080908 0.021580573171377182 0.021878214552998543
0.004406166262924671 0.05374889820814133 0.055719293653964996
0.005176842212677002 0.11052436381578445 0.10618974268436432
0.005567304790019989 0.07104599475860596 0.06718797236680984
0.005131055600941181 0.04604000225663185 0.05538700520992279
0.0036886835005134344 0.03942190855741501 0.033793140202760696
0.005723121110349894 0.05604030191898346 0.058342091739177704
0.0065334574319422245 0.02736492082476616 0.027715414762496948
0.005358808673918247 0.046327006071805954 0.04524683952331543
0.005520633887499571 0.03804070129990578 0.0336715392768383
0.00658729812130332 0.0973285511136055 0.0942353904247284
0.0038193855434656143 0.043250054121017456 0.045276105403900146
0.006869456265121698 0.028788670897483826 0.02804306149482727
0.005618404131382704 0.06104062870144844 0.06726059317588806
0.00371563620865345 0.03655807673931122 0.04036325961351395
0.005041121505200863 0.031238187104463577 0.029812075197696686
0.004733722191303968 0.02701646275818348 0.027774833142757416
0.005236406810581684 0.03015015833079815 0.032103851437568665
0.004292628727853298 0.09151988476514816 0.08771267533302307
0.005909353028982878 0.041952893137931824 0.04022067412734032
0.005669033620506525 0.013766506686806679 0.013674173504114151
0.0054730698466300964 0.02924550510942936 0.03161294385790825
0.006234228145331144 0.044599562883377075 0.040122658014297485
0.007854172959923744 0.01962006650865078 0.020065145567059517
0.00483280885964632 0.03287734463810921 0.04226241260766983
0.004637190140783787 0.052176497876644135 0.051175013184547424
0.005729736294597387 0.06319785118103027 0.05857057869434357
0.005697458982467651 0.03510480374097824 0.033465366810560226
0.003748218761757016 0.04052962735295296 0.04522610455751419
0.006038174033164978 0.13872450590133667 0.12135446816682816
0.00510144280269742 0.103203684091568 0.09431061148643494
0.0059607564471662045 0.057845357805490494 0.053518716245889664
0.007040799595415592 0.037063293159008026 0.03424452245235443
0.004004191141575575 0.06571517139673233 0.0706639438867569
0.0033500955905765295 0.028821462765336037 0.022926734760403633
0.006727939937263727 0.023333456367254257 0.020248932763934135
0.004085119813680649 0.030087945982813835 0.02666011080145836
0.006406031083315611 0.042729806154966354 0.0397435799241066
0.002866228809580207 0.05418090894818306 0.060670312494039536
0.006143121514469385 0.024236420169472694 0.03161447122693062
0.004945521708577871 0.008603565394878387 0.009538095444440842
0.004040322732180357 0.04060903936624527 0.04415243864059448
0.0038275134284049273 0.023229843005537987 0.02175925299525261
0.006789266597479582 0.030914505943655968 0.03028143383562565
0.005949429236352444 0.02643960528075695 0.020626531913876534
0.005821296479552984 0.05039314180612564 0.050455015152692795
0.00429946044459939 0.020072679966688156 0.020385252311825752
0.004539094399660826 0.06624186038970947 0.06480675935745239
0.006594629492610693 0.036172449588775635 0.03405355289578438
0.005245365668088198 0.07940517365932465 0.08608104288578033
0.004077729769051075 0.05870276689529419 0.06147363781929016
0.004955207463353872 0.015435321256518364 0.016270510852336884
0.00458515202626586 0.07731550931930542 0.07179131358861923
0.004800119902938604 0.03494688868522644 0.036203376948833466
0.0046300156973302364 0.0730852410197258 0.08822837471961975
0.004508741199970245 0.038825903087854385 0.039241306483745575
0.004706416744738817 0.027504436671733856 0.030006973072886467
0.004398082382977009 0.02622682973742485 0.028696253895759583
0.005926001351326704 0.025149429216980934 0.03360018879175186
0.004290606360882521 0.037474848330020905 0.035992544144392014
0.0050286646001040936 0.03497206047177315 0.03451095521450043
0.004171620588749647 0.04343286529183388 0.043395329266786575
0.0051395404152572155 0.05950521305203438 0.055095087736845016
0.003548877779394388 0.046944864094257355 0.053728602826595306
0.004334535915404558 0.05800819396972656 0.0596221499145031
0.0053298454731702805 0.0485769659280777 0.047491803765296936
0.004758599679917097 0.07088561356067657 0.07839998602867126
0.004497316665947437 0.041134800761938095 0.040921516716480255
0.006341871805489063 0.026041695848107338 0.026854703202843666
0.004996933043003082 0.02859354391694069 0.03421008586883545
0.005314932204782963 0.030075399205088615 0.027820806950330734
0.003695789026096463 0.043615974485874176 0.047566406428813934
0.005365941673517227 0.014009276404976845 0.017691463232040405
0.004909565206617117 0.04309406504034996 0.03627273812890053
0.004869574680924416 0.033481862396001816 0.04023173451423645
0.005560185294598341 0.024869214743375778 0.02490989863872528
0.00678287772461772 0.008176060393452644 0.009667757898569107
0.004289555829018354 0.014485340565443039 0.017365094274282455
0.0063770427368581295 0.06494437158107758 0.07616997510194778
0.004256315063685179 0.03684917092323303 0.033575549721717834
0.006087079178541899 0.04732687026262283 0.04462876170873642
0.002350333845242858 0.03904701769351959 0.04524170607328415
0.005013133864849806 0.02193678729236126 0.02085808292031288
0.003638962283730507 0.029530245810747147 0.026843246072530746
0.004267589189112186 0.022026637569069862 0.02666342444717884
0.004965601954609156 0.01896614581346512 0.024534141644835472
0.005784214939922094 0.05358506739139557 0.05968412011861801
0.004121729638427496 0.02579197660088539 0.027597570791840553
0.0043481788598001 0.027583470568060875 0.0243927463889122
0.006396193988621235 0.05165104568004608 0.03763163462281227
0.0038179985713213682 0.08792044222354889 0.0915776938199997
0.004235448781400919 0.016293857246637344 0.01583820953965187
0.005412953440099955 0.04595978930592537 0.034784864634275436
0.0035627863835543394 0.07353956252336502 0.07164168357849121
0.0068780058063566685 0.06867801398038864 0.06656834483146667
0.003711933735758066 0.06498006731271744 0.07210128009319305
0.005012499634176493 0.06013322249054909 0.05811592936515808
0.005213707219809294 0.023768233135342598 0.02628386951982975
0.004026698414236307 0.06905349344015121 0.07116825878620148
0.005279702600091696 0.02855672687292099 0.03711045905947685
0.005460052285343409 0.05236095190048218 0.049472808837890625
0.005923536606132984 0.046759068965911865 0.04066553711891174
0.005128301680088043 0.0640149861574173 0.06274393200874329
0.0060193235985934734 0.07801595330238342 0.08315587043762207
0.0064500258304178715 0.0222603939473629 0.020038258284330368
0.005612980108708143 0.0659450888633728 0.06705771386623383
0.0042192162945866585 0.05176490545272827 0.04993685707449913
0.005322641227394342 0.01265079528093338 0.014451481401920319
0.006872476544231176 0.023338455706834793 0.020904306322336197
0.004894816316664219 0.0247181449085474 0.02615426853299141
0.0032952323090285063 0.053041357547044754 0.05172112211585045
0.0028857651632279158 0.02185562252998352 0.02311822399497032
0.006598883308470249 0.04969062656164169 0.05714862421154976
0.003968565259128809 0.042741455137729645 0.04596685990691185
0.004888978321105242 0.033347975462675095 0.03391586244106293
0.004486806690692902 0.042430587112903595 0.05832807347178459
0.004023400135338306 0.026244353502988815 0.028830811381340027
0.005768859293311834 0.06418327987194061 0.0605257973074913
0.0038113631308078766 0.06012633442878723 0.06406639516353607
0.004649916663765907 0.05230097472667694 0.05203419551253319
0.004851331003010273 0.024451497942209244 0.028645562008023262
0.00464771268889308 0.03343541547656059 0.02799193374812603
0.004014427307993174 0.050033412873744965 0.05033470317721367
0.004347299225628376 0.02326255477964878 0.024205930531024933
0.0037551322020590305 0.038049038499593735 0.03290078043937683
0.0056359777227044106 0.02156294882297516 0.021729659289121628
0.0026629369240254164 0.046742960810661316 0.04978717863559723
0.005102951545268297 0.008871592581272125 0.010228507220745087
0.005184949841350317 0.021487614139914513 0.02427699789404869
0.0053951554000377655 0.0523403100669384 0.040455229580402374
0.005856114439666271 0.03110450878739357 0.03491350635886192
0.0034503601491451263 0.03425217792391777 0.03636262193322182
0.006073761265724897 0.03351219370961189 0.03395795449614525
0.00642071757465601 0.031845882534980774 0.03125268965959549
0.007046310696750879 0.06206634268164635 0.05910298228263855
0.004573937505483627 0.013372788205742836 0.015850352123379707
0.004673072136938572 0.014256766065955162 0.017175892367959023
0.003120307344943285 0.022682983428239822 0.019857168197631836
0.004771520849317312 0.025451093912124634 0.02310657873749733
0.0030206467490643263 0.028389306738972664 0.028028983622789383
0.00429213372990489 0.01717112958431244 0.019598815590143204
0.0029828508850187063 0.01821049302816391 0.021092716604471207
0.002707457635551691 0.03601323068141937 0.03372129425406456
0.003683501621708274 0.0244915708899498 0.03490404784679413
0.0048107062466442585 0.036287274211645126 0.03989708423614502
0.006471333093941212 0.010793857276439667 0.014539781957864761
0.0034581092186272144 0.040001280605793 0.04456615447998047
0.003117814427241683 0.049571406096220016 0.0480339415371418
0.00421968474984169 0.030113764107227325 0.02709592878818512
0.003558869007974863 0.0043471381068229675 0.0047161765396595
0.0021240890491753817 0.023617275059223175 0.020383577793836594
0.004429332446306944 0.02517141029238701 0.03236163780093193
0.0036444258876144886 0.03798685222864151 0.0439850389957428
0.005390293896198273 0.021168049424886703 0.022679707035422325
0.004230298101902008 0.05000639706850052 0.05073904991149902
0.004167692270129919 0.06255289167165756 0.05867411196231842
0.003099012654274702 0.02734743058681488 0.027819009497761726
0.004141854587942362 0.023827755823731422 0.01779693178832531
0.005472955293953419 0.036940302699804306 0.03516189754009247
0.004468239843845367 0.016036489978432655 0.017191439867019653
0.004901604261249304 0.02251731976866722 0.020864689722657204
0.007002621423453093 0.020081905648112297 0.018371829763054848
0.0042053102515637875 0.012711167335510254 0.011438343673944473
0.0033172511029988527 0.03230484575033188 0.027054112404584885
0.004488782025873661 0.04414675384759903 0.04589150846004486
0.004392285365611315 0.02618502825498581 0.028213396668434143
0.005975175183266401 0.026160407811403275 0.026933807879686356
0.004152444191277027 0.01217057928442955 0.01071903482079506
0.005478156730532646 0.03024725802242756 0.0347956158220768
0.0031788807827979326 0.02623130939900875 0.021844971925020218
0.003506247652694583 0.037574924528598785 0.03418869897723198
0.00585353234782815 0.014747947454452515 0.015425283461809158
0.006484416779130697 0.014260128140449524 0.012203998863697052
0.004650710616260767 0.01938336342573166 0.0149509496986866
0.0055373613722622395 0.01573498174548149 0.017551930621266365
0.004594021942466497 0.031690821051597595 0.026907704770565033
0.00595689145848155 0.022447237744927406 0.026910144835710526
0.004579134285449982 0.03967772051692009 0.03690671548247337
0.004417208023369312 0.025287054479122162 0.02458762936294079
0.005722617264837027 0.04492177069187164 0.04708629474043846
0.004663821775466204 0.0200640968978405 0.017239181324839592
0.00331657356582582 0.04698441922664642 0.041124194860458374
0.004683449864387512 0.03675450384616852 0.03725229576230049
0.0033724349923431873 0.03178662061691284 0.03415658324956894
0.0030259271152317524 0.025410691276192665 0.017816273495554924
0.0052551873959600925 0.01243298128247261 0.01702733524143696
0.004653544630855322 0.03477564826607704 0.03780340775847435
0.0053536477498710155 0.05139174312353134 0.0492575503885746
0.006570466794073582 0.014702249318361282 0.02070832997560501
0.005417284090071917 0.06049228832125664 0.045824166387319565
0.006957396864891052 0.035584598779678345 0.04136024788022041
0.0035564452409744263 0.023949280381202698 0.024008411914110184
0.005643037613481283 0.012952715158462524 0.01372075080871582
0.0043630171567201614 0.01944475993514061 0.01901574805378914
0.006542637944221497 0.018240930512547493 0.02152996137738228
0.0029918309301137924 0.026338715106248856 0.028711507096886635
0.004653763025999069 0.028973601758480072 0.02237989939749241
0.005221492610871792 0.0375579372048378 0.03727343678474426
0.0038764034397900105 0.019604943692684174 0.018649909645318985
0.0032909014262259007 0.014480963349342346 0.012834584340453148
0.004582453053444624 0.04307430237531662 0.04238931089639664
0.0038302966859191656 0.04183584824204445 0.04390052706003189
0.003456220729276538 0.05933656916022301 0.06377829611301422
0.005272099282592535 0.01763642393052578 0.01605844683945179
0.005594267975538969 0.011632300913333893 0.01328369788825512
0.004496064502745867 0.016505829989910126 0.018048148602247238
0.0032687427010387182 0.042223989963531494 0.042239610105752945
0.004796300083398819 0.018073732033371925 0.016311977058649063
0.0054560150019824505 0.0206872820854187 0.01650884561240673
0.005005429964512587 0.02775060571730137 0.021746277809143066
0.00553681468591094 0.032473206520080566 0.032518938183784485
0.004063684027642012 0.02981852926313877 0.026700954884290695
0.005285752471536398 0.024621514603495598 0.029185473918914795
0.0054281349293887615 0.03966280817985535 0.043309714645147324
0.004870750941336155 0.0360003300011158 0.0303171556442976
0.005276246462017298 0.007289323955774307 0.007059525698423386
0.005258878692984581 0.023046931251883507 0.017698833718895912
0.003563392674550414 0.01947239227592945 0.017840683460235596
0.0037705039139837027 0.06678187102079391 0.08045879006385803
0.0027928464114665985 0.0315590426325798 0.031076209619641304
0.0055447532795369625 0.046995073556900024 0.04084992781281471
0.004281155299395323 0.052660878747701645 0.05512455105781555
0.003289861371740699 0.03386251628398895 0.031836848706007004
0.005109976511448622 0.01261545903980732 0.013076309114694595
0.00372782233171165 0.007239639759063721 0.008763400837779045
0.005065534263849258 0.03525149077177048 0.02790898084640503
0.0038497194182127714 0.07231029868125916 0.0641685202717781
0.0034929916728287935 0.0077327825129032135 0.012225575745105743
0.0035982734989374876 0.012868661433458328 0.015265846624970436
0.0052392310462892056 0.0317271463572979 0.030310336500406265
0.004908918868750334 0.022422704845666885 0.02231728471815586
0.004597649443894625 0.06726206094026566 0.06641144305467606
0.005623332690447569 0.024320101365447044 0.023563329130411148
0.003443265799432993 0.020366203039884567 0.022076169028878212
0.0031078008469194174 0.05188652127981186 0.05970636010169983
0.003917990252375603 0.016337495297193527 0.019847501069307327
0.005285647232085466 0.033935826271772385 0.024170979857444763
0.004892511293292046 0.0407361276447773 0.03804149106144905
0.004118021111935377 0.0401405394077301 0.04181542620062828
0.003405574709177017 0.024096108973026276 0.029682105407118797
0.003559101838618517 0.016772672533988953 0.014223750680685043
0.00362751679494977 0.011377401649951935 0.008987970650196075
0.005300802178680897 0.06833867728710175 0.07012422382831573
0.0046423012390732765 0.011174313724040985 0.012800481170415878
0.004580976907163858 0.01396864466369152 0.016028011217713356
0.005124326329678297 0.020511744543910027 0.019516436383128166
0.0034231245517730713 0.03907627612352371 0.04464397951960564
0.0038617760874330997 0.020398838445544243 0.020261380821466446
0.004931061062961817 0.03591034561395645 0.045723848044872284
0.0035300874151289463 0.013335401192307472 0.01474418118596077
0.00436389958485961 0.02305951714515686 0.023684795945882797
0.004460088908672333 0.019061967730522156 0.02248581498861313
0.004685413092374802 0.03794858977198601 0.043349988758563995
0.005257907789200544 0.028818931430578232 0.038480088114738464
0.00518684322014451 0.030247630551457405 0.036108922213315964
0.004210072103887796 0.01349588856101036 0.011124875396490097
0.005891421344131231 0.03211379423737526 0.023680593818426132
0.005061058793216944 0.021148890256881714 0.01689300499856472
0.00427963538095355 0.015780627727508545 0.01692941039800644
0.004125914070755243 0.010776426643133163 0.009771671146154404
0.0032894592732191086 0.013477412983775139 0.013300921767950058
0.004097083117812872 0.03340746834874153 0.029473893344402313
0.00507175549864769 0.030588967725634575 0.025288550183176994
0.005069136619567871 0.04335446283221245 0.04347509145736694
0.0030123391188681126 0.0215656328946352 0.020606523379683495
0.005464676767587662 0.04368390142917633 0.03653468191623688
0.004891411866992712 0.027038082480430603 0.025290848687291145
0.0037293345667421818 0.03754162788391113 0.029918354004621506
0.004526493605226278 0.006372090429067612 0.006483804434537888
0.004460661206394434 0.016549060121178627 0.013841787353157997
0.004027674440294504 0.02795673906803131 0.026512838900089264
0.0037244006525725126 0.04175892099738121 0.04440212622284889
0.0026984382420778275 0.07073760032653809 0.0774841234087944
0.003854254260659218 0.040909841656684875 0.04304952174425125
0.004914973396807909 0.013109792023897171 0.016576889902353287
0.003152355318889022 0.018043339252471924 0.01605633646249771
0.006092894356697798 0.012738872319459915 0.014570455998182297
0.0029967676382511854 0.011516042053699493 0.010274253785610199
0.005257331766188145 0.027247212827205658 0.023863015696406364
0.0032916292548179626 0.02201414480805397 0.023563828319311142
0.00402038125321269 0.01656452938914299 0.02009294554591179
0.004828156437724829 0.02270926535129547 0.025405924767255783
0.003750656498596072 0.022581733763217926 0.02875244989991188
0.00384254171513021 0.006488189101219177 0.007319733500480652
0.0038120995741337538 0.031308613717556 0.027235640212893486
0.004019094165414572 0.027537597343325615 0.03727523982524872
0.005338792689144611 0.03290579468011856 0.03607814013957977
0.0038568631280213594 0.014230571687221527 0.014515228569507599
0.00449887802824378 0.012423103675246239 0.012911293655633926
0.005550410132855177 0.03699766471982002 0.019172603264451027
0.0037606582045555115 0.02734367921948433 0.03324820101261139
0.003884311066940427 0.01242070272564888 0.011266406625509262
0.004941433668136597 0.02941887080669403 0.033790022134780884
0.0036433041095733643 0.04376067593693733 0.03393520414829254
0.004790614824742079 0.025749623775482178 0.025864403694868088
0.003207197180017829 0.04067973420023918 0.034514136612415314
0.004802915267646313 0.010211624205112457 0.010073449462652206
0.004365242552012205 0.04016301408410072 0.02962236851453781
0.0034224011469632387 0.02174297906458378 0.02257964201271534
0.0037918363232165575 0.03475410118699074 0.0399608239531517
0.004391825292259455 0.039212796837091446 0.037265874445438385
0.003952914383262396 0.02906136028468609 0.022629354149103165
0.003763306885957718 0.0169664453715086 0.015555772930383682
0.00605311943218112 0.012148741632699966 0.013792023062705994
0.005072389729321003 0.022560715675354004 0.01932143047451973
0.00487090740352869 0.00866473838686943 0.009849559515714645
0.002841851208359003 0.026329318061470985 0.024802427738904953
0.004216533619910479 0.030897531658411026 0.03179635480046272
0.005334149114787579 0.017557039856910706 0.022255580872297287
0.005689897574484348 0.043709687888622284 0.046768296509981155
0.0047015841118991375 0.038108550012111664 0.03393939882516861
0.004063726868480444 0.02435053139925003 0.0266397874802351
0.003698524786159396 0.013530051335692406 0.014591949060559273
0.0039166673086583614 0.049713119864463806 0.0460994653403759
0.004202564712613821 0.05398903787136078 0.04444602131843567
0.005008241627365351 0.02702704444527626 0.023168154060840607
0.004720752593129873 0.026944056153297424 0.02811596170067787
0.005697817075997591 0.01803850755095482 0.015158344060182571
0.0048793284222483635 0.07097752392292023 0.0652846023440361
0.006380181293934584 0.015020754188299179 0.01436309702694416
0.0037180439103394747 0.035444021224975586 0.036545414477586746
0.0031042404007166624 0.02570774406194687 0.026686372235417366
0.004829079378396273 0.02650134265422821 0.025429274886846542
0.004183649551123381 0.019635826349258423 0.018552148714661598
0.0061349933966994286 0.021347545087337494 0.02015358954668045
0.003444912377744913 0.027470646426081657 0.03445139527320862
0.0029583999421447515 0.02018550969660282 0.023819761350750923
0.005772198084741831 0.007943227887153625 0.010573875159025192
0.004174637142568827 0.01711125671863556 0.019732268527150154
0.0053427862003445625 0.0269016120582819 0.030594080686569214
0.004727608989924192 0.023868758231401443 0.0211653932929039
0.004532919730991125 0.014642603695392609 0.016542397439479828
0.0030271124560385942 0.043021492660045624 0.04647643119096756
0.0034417675342410803 0.014733899384737015 0.014511432498693466
0.004998048767447472 0.02332516945898533 0.024604013189673424
0.0027426574379205704 0.007425941526889801 0.007980957627296448
0.005231156945228577 0.017185382544994354 0.015453405678272247
0.004569299519062042 0.026753410696983337 0.024915408343076706
0.004820878151804209 0.024865835905075073 0.026799291372299194
0.0036849179305136204 0.02029593288898468 0.02102121151983738
0.00392377283424139 0.046386078000068665 0.054575394839048386
0.004091009497642517 0.023463815450668335 0.024919789284467697
0.004273332189768553 0.03686761483550072 0.030047060921788216
0.005102158989757299 0.01333872601389885 0.011002056300640106
0.004602485802024603 0.03441673517227173 0.030449287965893745
0.004446159582585096 0.012185540050268173 0.00935366377234459
0.0037206397391855717 0.016435444355010986 0.013105511665344238
0.003968178294599056 0.03187168017029762 0.03282364457845688
0.004922923166304827 0.01763986609876156 0.022303637117147446
0.005022100638598204 0.05002984404563904 0.03890354186296463
0.004730615299195051 0.022694049403071404 0.017937546595931053
0.006023114081472158 0.027658676728606224 0.02733559161424637
0.003958609886467457 0.044786930084228516 0.030465463176369667
0.004702156875282526 0.019038647413253784 0.014091076329350471
0.0026324051432311535 0.010426223278045654 0.010850239545106888
0.003700373461470008 0.012963816523551941 0.013979513198137283
0.004758709575980902 0.008909489959478378 0.008410364389419556
0.003804372390732169 0.012585155665874481 0.011520765721797943
0.005252580624073744 0.020662495866417885 0.022248446941375732
0.005816540215164423 0.042382583022117615 0.04648679122328758
0.005085870157927275 0.01342405192553997 0.01105894148349762
0.00402808329090476 0.019765984266996384 0.0199150238186121
0.005566408392041922 0.021210961043834686 0.018530793488025665
0.004948115907609463 0.0383165217936039 0.03270222619175911
0.0066914185881614685 0.03706542029976845 0.03937913849949837
0.003873788518831134 0.015902608633041382 0.02052936889231205
0.0043359133414924145 0.016869690269231796 0.013787437230348587
0.0025102400686591864 0.023251166567206383 0.02113301493227482
0.0023500241804867983 0.025219619274139404 0.021615976467728615
0.005159625317901373 0.02441205270588398 0.021464314311742783
0.0032072633039206266 0.018885821104049683 0.018739888444542885
0.004219026770442724 0.01645248755812645 0.018090758472681046
0.00442990567535162 0.017705902457237244 0.022892963141202927
0.00495679909363389 0.021343901753425598 0.015053801238536835
0.004076931159943342 0.03718782216310501 0.030947843566536903
0.0037200201768428087 0.026523131877183914 0.023934639990329742
0.004855193197727203 0.026754552498459816 0.02668793313205242
0.003364632371813059 0.01724623143672943 0.016449395567178726
0.003576925490051508 0.012945737689733505 0.01376999169588089
0.005458382423967123 0.03291459381580353 0.03379378095269203
0.003948678262531757 0.011857867240905762 0.010870946571230888
0.0047438922338187695 0.009233195334672928 0.006495300680398941
0.0029768485110253096 0.0174830611795187 0.013785867020487785
0.004456743132323027 0.04241243377327919 0.0465434305369854
0.004061201121658087 0.023574355989694595 0.029543111100792885
0.0031002447940409184 0.01605662889778614 0.013424709439277649
0.0032857574988156557 0.0633903220295906 0.05774107575416565
0.0038282000459730625 0.01768164522945881 0.021845603361725807
0.004615845624357462 0.02322421781718731 0.02455294504761696
0.00361044448800385 0.017327498644590378 0.01474604383111
0.0045316326431930065 0.04681121185421944 0.04691564291715622
0.0038579360116273165 0.01751488633453846 0.017134953290224075
0.004391845315694809 0.006646428257226944 0.007762696593999863
0.004792299587279558 0.03524685651063919 0.02715339884161949
0.004052875563502312 0.013333480805158615 0.011688100174069405
0.003633680986240506 0.008478473871946335 0.005875293165445328
0.004974705167114735 0.029867522418498993 0.02857174165546894
0.005478884559124708 0.01300303265452385 0.013088274747133255
0.004746254067867994 0.013552401214838028 0.013720810413360596
0.004926320631057024 0.015153229236602783 0.014595303684473038
0.0054078735411167145 0.017117490991950035 0.017699778079986572
0.005714436527341604 0.0439760759472847 0.03696397691965103
0.004090867470949888 0.032224323600530624 0.03435759246349335
0.004907895345240831 0.017085867002606392 0.019128935411572456
0.0036793795879930258 0.06938076764345169 0.06818179041147232
0.0026870109140872955 0.02068398892879486 0.021495940163731575
0.004238722380250692 0.026736481115221977 0.026218583807349205
0.0034498560708016157 0.013523325324058533 0.012370780110359192
0.0029583650175482035 0.013267528265714645 0.010209809988737106
0.004305305425077677 0.015239959582686424 0.010761532932519913
0.004766489844769239 0.032766640186309814 0.03211363032460213
0.004407568369060755 0.033032696694135666 0.03573490306735039
0.004202396608889103 0.015814226120710373 0.01958901435136795
0.0035149441100656986 0.0356268510222435 0.03798332437872887
0.0035889954306185246 0.02426476776599884 0.02639012411236763
0.004187135957181454 0.015906501561403275 0.01473122276365757
0.003974596504122019 0.01439262181520462 0.015612427145242691
0.004449751228094101 0.02962157502770424 0.033165331929922104
0.0036452554631978273 0.032988592982292175 0.03618529811501503
0.004358078818768263 0.021330758929252625 0.022835221141576767
0.003968294244259596 0.0159216970205307 0.016451310366392136
0.0032013398595154285 0.01658908650279045 0.024020008742809296
0.004030674230307341 0.015827003866434097 0.017226513475179672
0.0037970715202391148 0.012750543653964996 0.018463484942913055
0.005813568830490112 0.007144458591938019 0.008905163034796715
0.005348698236048222 0.01669086143374443 0.020012931898236275
0.0054234834387898445 0.027003727853298187 0.022031385451555252
0.003485608845949173 0.05133961886167526 0.05178554728627205
0.005234150681644678 0.06771107017993927 0.07853870838880539
0.005271684844046831 0.012019649147987366 0.011067584156990051
0.003545416984707117 0.016822615638375282 0.013161487877368927
0.004810927901417017 0.04474524036049843 0.04243290051817894
0.004477994982153177 0.018894372507929802 0.01864849030971527
0.0036720968782901764 0.011711768805980682 0.011771604418754578
0.00380204850807786 0.03161223605275154 0.03097599744796753
0.004699287470430136 0.05832285061478615 0.06261833012104034
0.004992052912712097 0.01921767368912697 0.01675233244895935
0.0026831445284187794 0.02648794651031494 0.02842818945646286
0.004867970012128353 0.028760621324181557 0.03388943523168564
0.004601527005434036 0.03429711237549782 0.04157498851418495
0.0044959657825529575 0.027413733303546906 0.0275871679186821
0.0037456825375556946 0.033659908920526505 0.03801092505455017
0.003760729683563113 0.02210942469537258 0.01771063730120659
0.004093957599252462 0.017267651855945587 0.017235351726412773
0.003718388034030795 0.014699762687087059 0.01811882294714451
0.004568846430629492 0.02557387389242649 0.027419699355959892
0.0030605325009673834 0.014923345297574997 0.013660270720720291
0.0033706591930240393 0.014412309974431992 0.017331918701529503
0.005450400989502668 0.02170702815055847 0.020619351416826248
0.003993329592049122 0.02737504243850708 0.02071431465446949
0.0031393037643283606 0.02910076268017292 0.033450428396463394
0.0046230824664235115 0.03531920537352562 0.029631584882736206
0.0035557278897613287 0.024300415068864822 0.025658361613750458
0.004506365861743689 0.03132891654968262 0.023895137012004852
0.003857579780742526 0.01412627287209034 0.014617184177041054
0.0032153234351426363 0.021432606503367424 0.021834086626768112
0.0030766050331294537 0.022124288603663445 0.02266080304980278
0.00506575359031558 0.03159261494874954 0.023432686924934387
0.003156850580126047 0.025474093854427338 0.028415266424417496
0.0038970455061644316 0.009007373824715614 0.007384181022644043
0.004274626728147268 0.032009389251470566 0.024681592360138893
0.003948284778743982 0.030144505202770233 0.03930918127298355
0.0033825181890279055 0.03559471294283867 0.02954351156949997
0.005381498020142317 0.021090151742100716 0.020839771255850792
0.0045003932900726795 0.016005640849471092 0.013808397576212883
0.003104430390521884 0.01769484207034111 0.016230352222919464
0.005064825527369976 0.058566659688949585 0.059625864028930664
0.004202075768262148 0.026514515280723572 0.0274171382188797
0.0044265491887927055 0.011804740875959396 0.010480597615242004
0.004133529961109161 0.022407835349440575 0.01853235810995102
0.004526183474808931 0.033455222845077515 0.028297457844018936
0.003825904568657279 0.011606384068727493 0.011409126222133636
0.005434492137283087 0.0071990713477134705 0.008778037503361702
0.004054273013025522 0.01125304028391838 0.00991741567850113
0.0031651488970965147 0.028740622103214264 0.03028048574924469
0.003233908908441663 0.022155659273266792 0.021976619958877563
0.0037802904844284058 0.03565249964594841 0.03587964177131653
0.003835648763924837 0.01581229642033577 0.019700177013874054
0.0040267533622682095 0.027963247150182724 0.024455826729536057
0.003342336742207408 0.01613563299179077 0.01710371859371662
0.0030601059552282095 0.019692247733473778 0.024419205263257027
0.0030167573131620884 0.01745806634426117 0.020208120346069336
0.0041636088863015175 0.07006752490997314 0.07377737760543823
0.004182096105068922 0.030650239437818527 0.03261515498161316
0.003852446796372533 0.05104444548487663 0.04074319079518318
0.0047178566455841064 0.03153788670897484 0.03762689232826233
0.003275178372859955 0.015799833461642265 0.016035046428442
0.005511468276381493 0.024158593267202377 0.016449427232146263
0.005850967951118946 0.008992161601781845 0.01217232272028923
0.005076383240520954 0.02322559803724289 0.02431575022637844
0.004153609275817871 0.010138900950551033 0.00987311452627182
0.003525844542309642 0.011218026280403137 0.015181098133325577
0.005035392940044403 0.013423759490251541 0.014419302344322205
0.003735015634447336 0.021317467093467712 0.02613876760005951
0.004897896200418472 0.03105853497982025 0.03308836743235588
0.0039059750270098448 0.018874073401093483 0.018876267597079277
0.005074766464531422 0.012538038194179535 0.009460031986236572
0.004887245129793882 0.01216001808643341 0.015563931316137314
0.005510643124580383 0.04881743714213371 0.05050702393054962
0.00433054193854332 0.03677433356642723 0.038816407322883606
0.003743079723790288 0.015456799417734146 0.015719862654805183
0.004180772230029106 0.03151768445968628 0.03375346213579178
0.0035287514328956604 0.028547896072268486 0.029886934906244278
0.003300646087154746 0.03031325712800026 0.030844565480947495
0.0074430303648114204 0.04383794590830803 0.04566163569688797
0.0037830963265150785 0.020786181092262268 0.019862307235598564
0.0042816768400371075 0.06101355701684952 0.05785262957215309
0.002592384349554777 0.014576001092791557 0.010622844099998474
0.0037408247590065002 0.015236305072903633 0.012985054403543472
0.0029248406644910574 0.02354041300714016 0.014426715672016144
0.0034388985950499773 0.01743488572537899 0.02278781682252884
0.003624539589509368 0.0356961190700531 0.04227347671985626
0.0033583701588213444 0.02197188511490822 0.022160464897751808
0.004678227938711643 0.010602228343486786 0.010300587862730026
0.006281051319092512 0.05269192159175873 0.04392436146736145
0.004109678324311972 0.021458791568875313 0.019759435206651688
0.0047113774344325066 0.030305035412311554 0.03275369852781296
0.003938810434192419 0.03462909162044525 0.03641001880168915
0.003729049116373062 0.012567024677991867 0.01788421720266342
0.004464309196919203 0.01966428942978382 0.023453909903764725
0.005381475668400526 0.018378781154751778 0.016361791640520096
0.0042402842082083225 0.010456770658493042 0.010632660239934921
0.00350933033041656 0.01316431537270546 0.011197663843631744
0.005669628735631704 0.027988582849502563 0.030650679022073746
0.0059097628109157085 0.02274995669722557 0.01802770048379898
0.003921616356819868 0.01191641204059124 0.01065833866596222
0.0025060297921299934 0.017846105620265007 0.01954680308699608
0.003742966800928116 0.030583370476961136 0.027074897661805153
0.00485837459564209 0.022914830595254898 0.02062823995947838
0.003357736160978675 0.01849200390279293 0.011511068791151047
0.0042573511600494385 0.013954643160104752 0.011209852993488312
0.004986660089343786 0.011463204398751259 0.010799970477819443
0.006779158022254705 0.01591741479933262 0.021895714104175568
0.002423578640446067 0.03067622520029545 0.02321447990834713
0.0043672965839505196 0.025028657168149948 0.020189175382256508
0.0037005736958235502 0.027477676048874855 0.0272267684340477
0.006319601088762283 0.040129467844963074 0.029306326061487198
0.005422116722911596 0.03570156544446945 0.039448659867048264
0.004246897529810667 0.09649842232465744 0.08637770265340805
0.005111364182084799 0.04077025130391121 0.03860539197921753
0.0042695458978414536 0.012618962675333023 0.017009105533361435
0.004502615425735712 0.030287448316812515 0.02694830670952797
0.004489402752369642 0.06214546784758568 0.06203755736351013
0.004187262151390314 0.03996473550796509 0.04735118895769119
0.004625964444130659 0.020751643925905228 0.02246311493217945
0.004289150703698397 0.020735271275043488 0.01957060769200325
0.005307582672685385 0.016609806567430496 0.015272198244929314
0.003969280514866114 0.009853668510913849 0.012277130037546158
0.00542365713045001 0.012783413752913475 0.01575523242354393
0.0043667699210345745 0.006755080074071884 0.006835358217358589
0.0056095547042787075 0.025834649801254272 0.024134404957294464
0.00493276584893465 0.005213014781475067 0.004817988723516464
0.004992824513465166 0.0074703022837638855 0.008681893348693848
0.004232001956552267 0.02702116034924984 0.02652258425951004
0.0045839049853384495 0.030121544376015663 0.0269051194190979
0.00399043271318078 0.019589299336075783 0.02581895887851715
0.005013788118958473 0.038120388984680176 0.048326537013053894
0.0024509713985025883 0.05317724123597145 0.058346524834632874
0.004387377295643091 0.02873220667243004 0.02357335388660431
0.004124314524233341 0.024328306317329407 0.021650778129696846
0.005418353248387575 0.02160656452178955 0.024748144671320915
0.004541043192148209 0.014486139640212059 0.015246173366904259
0.0037441649474203587 0.020694436505436897 0.0210809875279665
0.0024879404809325933 0.012291301041841507 0.011711694300174713
0.005566996056586504 0.04109283164143562 0.03548264130949974
0.0022854635026305914 0.04096608981490135 0.04164527356624603
0.004074034746736288 0.026204906404018402 0.0307652298361063
0.0025461018085479736 0.03735781088471413 0.030556518584489822
0.005006926134228706 0.025959186255931854 0.017957527190446854
0.006016173399984837 0.010741125792264938 0.00934925302863121
0.005729909520596266 0.040680039674043655 0.04062556102871895
0.003849569708108902 0.029581792652606964 0.02074863389134407
0.004807703197002411 0.017806807532906532 0.014587858691811562
0.004360283724963665 0.01292404904961586 0.012924280017614365
0.005020558834075928 0.012299120426177979 0.011226117610931396
0.00544936815276742 0.01652538776397705 0.01640208810567856
0.003409840865060687 0.009651340544223785 0.009977126494050026
0.0041145752184093 0.06279049813747406 0.06681165844202042
0.004118370357900858 0.018701493740081787 0.01575399748980999
0.0034234547056257725 0.006767071783542633 0.005571581423282623
0.0030630051624029875 0.020186565816402435 0.02195114642381668
0.005283704027533531 0.02027500793337822 0.019254980608820915
0.0036395916249603033 0.011199504137039185 0.010451871901750565
0.0034565397072583437 0.017151275649666786 0.01928115449845791
0.00583141902461648 0.0857664942741394 0.07059308886528015
0.004687451757490635 0.04460689052939415 0.04328181967139244
0.00474074762314558 0.017337772995233536 0.01853327825665474
0.0034512632992118597 0.008108854293823242 0.00810813158750534
0.003884674282744527 0.034815363585948944 0.036024559289216995
0.0030196472071111202 0.015843220055103302 0.019488025456666946
0.003308388637378812 0.05002734065055847 0.058357056230306625
0.005170706193894148 0.019720975309610367 0.01852590963244438
0.003157647792249918 0.015700461342930794 0.012868206948041916
0.005367520730942488 0.022440871223807335 0.026542071253061295
0.004963336978107691 0.02666357532143593 0.02053484134376049
0.0036913007497787476 0.011540716513991356 0.010863622650504112
0.004208018537610769 0.021165693178772926 0.02270868979394436
0.004383860621601343 0.013887031003832817 0.018454428762197495
0.0029383201617747545 0.02333703264594078 0.018320661038160324
0.0036361541133373976 0.016069257631897926 0.018191039562225342
0.004215556662529707 0.008352238684892654 0.011845961213111877
0.004474845714867115 0.030402112752199173 0.031380049884319305
0.0032296646386384964 0.020417939871549606 0.02150830812752247
0.005133603699505329 0.03734289109706879 0.04898795112967491
0.00385889015160501 0.02420717291533947 0.020932290703058243
0.0039054532535374165 0.007857505232095718 0.009253107011318207
0.004674595780670643 0.030861981213092804 0.035680245608091354
0.00421528285369277 0.024598754942417145 0.023331061005592346
0.004577507730573416 0.016888875514268875 0.014384482055902481
0.0031851143576204777 0.033973485231399536 0.03117167204618454
0.00425975164398551 0.008391223847866058 0.006867535412311554
0.0050255428068339825 0.027382560074329376 0.026598135009407997
0.0037878346629440784 0.008701380342245102 0.008011676371097565
0.0026290693785995245 0.007969982922077179 0.008005622774362564
0.004016367252916098 0.020981628447771072 0.02469659224152565
0.0048875766806304455 0.02967638522386551 0.03621761128306389
0.004556737374514341 0.020511355251073837 0.02618078887462616
0.004009611438959837 0.03696049377322197 0.03571927174925804
0.0040041194297373295 0.0079391710460186 0.010095793753862381
0.0038043216336518526 0.014051670208573341 0.01555464044213295
0.0035911803133785725 0.02067408710718155 0.019710849970579147
0.0049414196982979774 0.01927250623703003 0.02155972272157669
0.003458349034190178 0.012141205370426178 0.012184284627437592
0.003735683858394623 0.03773190453648567 0.03772248327732086
0.006128525361418724 0.0289728045463562 0.024141257628798485
0.003269738284870982 0.0339510515332222 0.03437497839331627
0.0036001820117235184 0.0611841045320034 0.058475181460380554
0.003183884546160698 0.018211260437965393 0.02284596487879753
0.004647024907171726 0.023639069870114326 0.026287728920578957
0.003220448736101389 0.016307562589645386 0.016298070549964905
0.0033559990115463734 0.022204656153917313 0.01864856481552124
0.0051213838160037994 0.008685857057571411 0.007378820329904556
0.004003109410405159 0.011656010523438454 0.01328638568520546
0.004379198420792818 0.007166318595409393 0.007403649389743805
0.0044997516088187695 0.018953850492835045 0.02089666947722435
0.004725104663521051 0.018640507012605667 0.014644430950284004
0.004180885385721922 0.030601633712649345 0.02316662296652794
0.0027509962674230337 0.028944626450538635 0.03127549588680267
0.0033519386779516935 0.0696929395198822 0.08195297420024872
0.0034254849888384342 0.023062409833073616 0.024470889940857887
0.0036157441791146994 0.01614423841238022 0.013725504279136658
0.004222801420837641 0.04375363513827324 0.03969835489988327
0.0038028669077903032 0.048489511013031006 0.04443351924419403
0.004848361015319824 0.06115339323878288 0.05233282595872879
0.0038626212626695633 0.013852059841156006 0.01212209090590477
0.0026981858536601067 0.025594497099518776 0.03215306997299194
0.0025490757543593645 0.04016701504588127 0.04118138179183006
0.0030869224574416876 0.02546815015375614 0.023410145193338394
0.005780608858913183 0.0035591349005699158 0.003552895039319992
0.0035081084351986647 0.01415853202342987 0.01182536780834198
0.003629317507147789 0.015211638063192368 0.014703584834933281
0.0043543800711631775 0.013688983395695686 0.013865897431969643
0.004602539818733931 0.019268512725830078 0.01874193362891674
0.004289012867957354 0.020386938005685806 0.016468502581119537
0.003243343671783805 0.014682359993457794 0.015593400225043297
0.0044709304347634315 0.004290629178285599 0.004776760935783386
0.0027926363982260227 0.012685630470514297 0.011543422937393188
0.006381723564118147 0.010848678648471832 0.010076768696308136
0.003361418843269348 0.0286089014261961 0.02929636277258396
0.00486009893938899 0.020157473161816597 0.022565757855772972
0.004499698523432016 0.004448022693395615 0.004995245486497879
0.0038239904679358006 0.027760187163949013 0.02316727675497532
0.003717732382938266 0.017299717292189598 0.01497487723827362
